1/goose_00001.png,80,19,212,246,1
1/goose_00002.png,131,36,206,222,1 46,172,121,217,1
1/goose_00003.png,151,135,225,228,1 47,56,119,226,1
1/goose_00004.png,97,40,212,225,1
1/goose_00005.png,241,98,256,206,1 150,178,252,224,1 43,79,248,236,1 26,86,115,152,1 5,90,37,162,1
1/goose_00006.png,64,66,241,206,1
1/goose_00007.png,52,80,225,218,1
1/goose_00008.png,149,154,203,185,1 130,127,182,163,1 192,201,242,237,1 94,90,153,130,1 71,24,126,69,1
1/goose_00009.png,66,69,225,166,1
1/goose_00010.png,64,64,249,219,1
1/goose_00011.png,89,26,216,138,1 104,140,221,232,1
1/goose_00012.png,53,63,218,198,1
1/goose_00013.png,42,40,237,196,1
1/goose_00014.png,12,27,211,216,1 168,110,220,165,1 194,100,255,134,1 180,42,245,115,1 29,178,156,237,1
1/goose_00015.png,28,80,158,238,1 59,3,242,92,1
1/goose_00016.png,13,99,245,203,1 230,109,256,172,1 234,70,256,96,1 165,55,219,114,1 98,49,137,108,1 1,89,34,133,1
1/goose_00017.png,52,33,227,228,1
1/goose_00018.png,31,152,148,200,1 65,70,188,187,1 116,151,196,229,1
1/goose_00019.png,72,85,237,204,1
1/goose_00020.png,52,37,216,196,1
1/goose_00021.png,28,23,188,231,1
1/goose_00022.png,22,57,234,203,1
1/goose_00023.png,23,53,231,197,1
1/goose_00024.png,19,50,241,162,1
1/goose_00025.png,60,57,198,215,1
1/goose_00026.png,116,71,226,154,1 225,74,256,101,1 192,65,217,83,1 161,61,184,84,1 127,64,158,98,1 123,59,148,72,1 102,53,118,69,1 85,54,103,70,1 60,52,84,73,1 45,54,62,76,1 21,47,47,78,1 2,60,35,83,1
1/goose_00027.png,21,113,93,217,1 46,18,117,139,1 138,63,209,155,1
1/goose_00028.png,48,67,179,235,1
1/goose_00029.png,50,63,193,219,1
1/goose_00030.png,52,25,208,192,1
1/goose_00031.png,202,127,256,256,1 43,28,213,234,1
1/goose_00032.png,24,122,236,216,1
1/goose_00033.png,46,63,232,206,1
1/goose_00034.png,78,80,216,222,1
1/goose_00035.png,17,37,224,235,1
1/goose_00036.png,7,84,230,230,1
1/goose_00037.png,22,63,185,176,1
1/goose_00038.png,36,63,215,184,1
1/goose_00039.png,66,20,192,210,1
1/goose_00040.png,77,59,197,234,1 47,26,205,171,1
1/goose_00041.png,75,69,241,222,1
1/goose_00042.png,74,36,217,213,1
1/goose_00043.png,19,23,147,214,1
1/goose_00044.png,35,59,254,216,1
1/goose_00045.png,40,59,190,192,1
1/goose_00046.png,28,50,218,205,1
1/goose_00047.png,47,29,249,195,1
1/goose_00048.png,31,65,136,159,1 152,102,254,195,1
1/goose_00049.png,54,57,203,179,1
1/goose_00050.png,57,53,235,233,1
1/goose_00051.png,63,70,222,215,1
1/goose_00052.png,165,147,233,194,1 179,41,248,95,1 154,100,220,133,1 101,111,173,149,1 27,91,94,147,1
1/goose_00053.png,3,5,174,235,1 7,17,178,111,1
1/goose_00054.png,27,75,244,181,1
1/goose_00055.png,120,62,230,246,1 35,40,136,213,1
1/goose_00056.png,81,24,225,153,1 29,61,200,221,1
1/goose_00057.png,85,130,216,229,1 35,24,142,160,1
1/goose_00058.png,235,152,255,193,1 198,112,229,129,1 18,56,188,179,1
1/goose_00059.png,46,82,167,191,1
1/goose_00060.png,111,43,214,213,1
1/goose_00061.png,114,35,225,181,1
1/goose_00062.png,80,53,193,216,1 198,162,243,220,1
1/goose_00063.png,110,34,225,204,1
1/goose_00064.png,36,37,177,155,1
1/goose_00065.png,25,47,114,137,1 144,78,182,143,1
1/goose_00066.png,63,40,131,176,1
1/goose_00067.png,50,21,163,224,1
1/goose_00068.png,113,18,203,202,1
1/goose_00069.png,113,18,204,203,1
1/goose_00070.png,127,45,205,185,1 31,57,117,183,1 25,70,95,180,1
1/goose_00071.png,33,39,175,174,1
1/goose_00072.png,33,36,174,174,1
1/goose_00073.png,140,65,233,169,1
1/goose_00074.png,118,71,223,190,1
1/goose_00075.png,80,33,233,210,1
1/goose_00076.png,14,98,103,213,1 127,47,234,123,1
1/goose_00077.png,15,99,105,213,1 128,46,234,122,1
1/goose_00078.png,14,97,106,214,1 127,46,234,122,1
1/goose_00079.png,120,60,216,131,1 32,81,140,156,1
1/goose_00080.png,12,137,127,202,1 113,72,221,171,1
1/goose_00081.png,108,39,231,201,1 18,84,150,160,1
1/goose_00082.png,164,188,207,222,1 197,178,236,211,1 205,131,246,175,1 175,118,213,158,1 16,169,59,215,1 17,135,61,188,1 49,130,93,153,1 54,101,97,134,1 110,87,157,152,1 66,79,110,138,1 94,79,123,101,1
1/goose_00083.png,16,156,125,224,1 102,140,198,199,1 117,44,222,133,1 42,15,140,98,1
1/goose_00084.png,41,33,194,213,1
1/goose_00085.png,50,69,180,201,1
1/goose_00086.png,43,15,245,230,1
1/goose_00087.png,84,18,171,226,1
1/goose_00088.png,67,24,221,190,1
1/goose_00089.png,40,119,151,234,1 138,68,238,187,1
1/goose_00090.png,27,47,232,235,1
1/goose_00091.png,25,34,230,150,1
1/goose_00092.png,115,161,178,194,1 125,84,214,163,1 14,42,80,203,1
1/goose_00093.png,61,42,189,207,1
1/goose_00094.png,49,15,142,156,1
1/goose_00095.png,93,66,204,200,1
1/goose_00096.png,46,134,130,237,1 132,30,224,88,1
1/goose_00097.png,71,52,228,196,1
1/goose_00098.png,45,73,167,186,1
1/goose_00099.png,46,71,167,186,1
1/goose_00100.png,79,49,197,164,1
1/goose_00101.png,80,46,198,164,1
1/goose_00102.png,42,78,139,174,1
1/goose_00103.png,66,79,168,172,1
1/goose_00104.png,80,129,159,196,1
1/goose_00105.png,104,78,190,154,1 58,107,147,197,1
1/goose_00106.png,94,72,208,193,1
1/goose_00107.png,54,66,184,208,1
1/goose_00108.png,86,77,201,181,1
1/goose_00109.png,14,70,159,194,1
1/goose_00110.png,25,49,245,212,1
1/goose_00111.png,71,74,160,183,1
1/goose_00112.png,47,60,238,174,1
1/goose_00113.png,75,33,238,246,1
1/goose_00114.png,63,43,185,217,1
1/goose_00115.png,124,84,226,186,1 32,69,166,203,1
1/goose_00116.png,91,50,192,223,1 8,29,133,170,1
1/goose_00117.png,6,9,252,248,1
1/goose_00118.png,5,20,251,239,1
1/goose_00119.png,57,61,213,188,1
1/goose_00120.png,80,33,181,218,1
1/goose_00121.png,58,73,232,221,1
1/goose_00122.png,52,52,165,224,1 10,71,85,129,1
1/goose_00123.png,37,39,180,166,1 3,81,114,209,1
1/goose_00124.png,88,59,202,233,1
1/goose_00125.png,97,44,181,234,1
1/goose_00126.png,205,75,256,188,1 19,59,251,203,1
1/goose_00127.png,82,67,228,173,1
1/goose_00128.png,77,123,200,215,1 68,73,199,121,1
1/goose_00129.png,50,35,224,235,1
1/goose_00130.png,56,87,150,166,1
1/goose_00131.png,49,43,212,205,1
1/goose_00132.png,72,76,207,191,1
1/goose_00133.png,43,49,152,178,1
1/goose_00134.png,10,34,243,187,1
1/goose_00135.png,18,29,251,184,1
1/goose_00136.png,4,201,46,245,1 130,162,176,203,1 41,149,87,183,1 78,141,117,170,1 209,50,255,114,1 153,101,196,149,1 96,80,141,132,1 112,20,158,70,1 12,13,57,50,1
1/goose_00137.png,49,108,189,207,1 89,60,241,168,1
1/goose_00138.png,37,45,235,228,1
1/goose_00139.png,29,65,246,229,1
1/goose_00140.png,84,28,206,194,1
1/goose_00141.png,142,106,236,235,1 126,162,219,216,1 36,38,135,216,1 101,41,193,114,1
1/goose_00142.png,35,50,240,218,1 87,46,138,198,1 97,22,136,99,1 6,92,86,167,1
1/goose_00143.png,22,80,166,169,1
1/goose_00144.png,63,32,144,198,1 177,159,210,223,1
1/goose_00145.png,63,32,144,201,1 178,159,213,224,1
1/goose_00146.png,81,71,149,182,1
1/goose_00147.png,15,10,227,199,1
1/goose_00148.png,37,65,173,213,1
1/goose_00149.png,36,17,198,225,1
1/goose_00150.png,68,67,234,211,1
1/goose_00151.png,129,68,208,154,1 5,119,93,205,1 19,25,116,99,1
1/goose_00152.png,84,66,228,211,1
1/goose_00153.png,27,23,169,232,1
1/goose_00154.png,22,59,140,211,1 102,56,235,198,1
1/goose_00155.png,40,32,238,235,1
1/goose_00156.png,53,39,166,229,1
1/goose_00157.png,42,17,141,245,1
1/goose_00158.png,59,96,181,228,1 67,22,234,156,1
1/goose_00159.png,58,52,199,236,1
1/goose_00160.png,79,107,228,230,1
1/goose_00161.png,69,23,225,221,1
1/goose_00162.png,29,27,137,244,1
1/goose_00163.png,40,39,182,220,1
1/goose_00164.png,17,56,181,223,1
1/goose_00165.png,82,54,231,220,1
1/goose_00166.png,33,63,207,230,1
1/goose_00167.png,32,10,192,239,1
1/goose_00168.png,57,31,226,166,1
1/goose_00169.png,37,39,162,222,1
1/goose_00170.png,38,46,201,201,1 76,19,209,217,1
1/goose_00171.png,86,36,221,207,1 56,53,229,194,1
1/goose_00172.png,10,99,221,200,1
1/goose_00173.png,57,67,242,206,1
1/goose_00174.png,22,31,230,212,1
1/goose_00175.png,87,109,194,243,1 83,79,183,196,1
1/goose_00176.png,84,27,213,214,1
