0/01010.png,195,176,236,223,0
0/01011.png,135,130,213,210,0
0/01012.png,156,156,219,217,0
0/01013.png,148,163,216,226,0
0/01014.png,144,158,215,219,0
0/01015.png,145,165,216,221,0
0/01016.png,151,165,221,224,0
0/01017.png,203,203,233,237,0
0/01018.png,145,31,214,170,0
0/01019.png,196,28,237,167,0
0/01020.png,180,158,232,219,0
0/01021.png,182,151,231,217,0
0/01022.png,180,176,230,230,0
0/01023.png,186,169,230,224,0
0/01024.png,190,144,244,216,0
0/01025.png,161,93,229,200,0
0/01026.png,135,22,213,172,0
0/01027.png,36,77,186,195,0
0/01028.png,190,191,228,228,0
0/01029.png,144,154,217,216,0
0/01030.png,127,38,210,178,0
0/01031.png,148,127,233,208,0
0/01032.png,88,69,186,191,0
0/01033.png,49,110,192,207,0
0/01034.png,59,73,200,190,0
0/01035.png,153,165,217,221,0
0/01036.png,192,61,231,175,0
0/01037.png,110,106,202,202,0
0/01038.png,3,31,156,173,0
0/01039.png,85,151,192,213,0
0/01040.png,191,161,228,217,0
0/01041.png,217,157,241,218,0
0/01042.png,142,160,217,216,0
0/01043.png,137,133,213,210,0
0/01044.png,131,143,207,218,0
0/01045.png,135,153,214,220,0
0/01046.png,138,137,214,212,0
0/01047.png,142,141,220,217,0
0/01048.png,142,99,219,200,0
0/01049.png,156,82,220,196,0
0/01050.png,178,95,227,198,0
0/01051.png,164,165,218,226,0
0/01052.png,174,154,226,216,0
0/01053.png,166,162,220,220,0
0/01054.png,119,112,239,218,0
0/01055.png,161,211,217,235,0
0/01056.png,133,190,212,228,0
0/01057.png,179,200,226,233,0
0/01058.png,173,131,221,214,0
0/01059.png,163,100,221,200,0
0/01060.png,136,172,210,222,0
0/01061.png,142,40,219,173,0
0/01062.png,140,112,212,200,0
0/01063.png,194,166,231,226,0
0/01064.png,194,170,231,220,0
0/01065.png,70,59,197,196,0
0/01066.png,58,49,192,209,0
0/01067.png,21,122,178,207,0
0/01068.png,143,119,218,209,0
0/01069.png,116,119,212,205,0
0/01070.png,77,106,187,202,0
0/01071.png,95,185,195,233,0
0/01072.png,93,92,197,196,0
0/01073.png,97,155,201,217,0
0/01074.png,167,164,213,211,0
0/01075.png,141,111,203,197,0
0/01076.png,165,154,215,213,0
