Drone/00001.png 144,142,220,217,0
Drone/00002.png 8,52,235,230,0
Drone/00003.png 31,20,177,175,0
Drone/00004.png 25,40,177,179,0
Drone/00005.png 94,74,194,191,0
Drone/00006.png 112,78,210,164,0
Drone/00007.png 199,115,238,198,0
Drone/00008.png 200,172,237,223,0
Drone/00009.png 42,51,181,188,0
Drone/00010.png 3,26,239,188,0
Drone/00011.png 45,47,187,184,0
Drone/00012.png 11,17,230,182,0
Drone/00013.png 22,61,189,189,0
Drone/00014.png 98,91,202,198,0
Drone/00015.png 176,168,229,226,0
Drone/00016.png 8,18,181,201,0
Drone/00017.png 20,85,237,199,0
Drone/00018.png 56,15,228,215,0
Drone/00019.png 195,203,237,234,0
Drone/00020.png 6,24,223,182,0
Drone/00021.png 103,76,220,194,0
Drone/00022.png 117,161,207,223,0
Drone/00023.png 161,124,221,203,0
Drone/00024.png 28,54,195,183,0
Drone/00025.png 143,196,212,234,0
Drone/00026.png 215,182,245,230,0
Drone/00027.png 123,22,213,180,0
Drone/00028.png 36,59,198,191,0
Drone/00029.png 118,92,208,196,0
Drone/00030.png 161,161,219,222,0
Drone/00031.png 11,56,212,189,0
Drone/00032.png 57,87,190,201,0
Drone/00033.png 56,25,254,175,0
Drone/00034.png 121,119,213,208,0
Drone/00035.png 29,31,199,218,0
Drone/00036.png 96,167,187,222,0
Drone/00037.png 11,29,241,200,0
Drone/00038.png 149,49,221,175,0
Drone/00039.png 207,129,238,206,0
Drone/00040.png 163,136,216,212,0
Drone/00041.png 40,42,188,181,0
Drone/00042.png 3,3,208,236,0
Drone/00043.png 59,28,228,177,0
Drone/00044.png 40,56,185,185,0
Drone/00045.png 222,218,241,238,0
Drone/00046.png 17,74,175,191,0
Drone/00047.png 171,168,218,220,0
Drone/00048.png 116,64,205,182,0
Drone/00049.png 153,72,222,178,0
Drone/00050.png 78,93,196,196,0
Drone/00051.png 10,18,185,181,0
Drone/00052.png 43,73,179,193,0
Drone/00053.png 143,75,219,190,0
Drone/00054.png 12,40,228,183,0
Drone/00055.png 165,133,217,206,0
Drone/00056.png 114,146,204,216,0
Drone/00057.png 183,158,223,210,0
Drone/00058.png 156,190,221,232,0
Drone/00059.png 81,91,198,195,0
Drone/00060.png 16,39,180,178,0
Drone/00061.png 45,38,187,177,0
Drone/00062.png 1,28,251,236,0
Drone/00063.png 75,101,181,194,0
Drone/00064.png 105,50,205,180,0
Drone/00065.png 5,22,234,210,0
Drone/00066.png 30,28,178,180,0
Drone/00067.png 6,15,171,175,0
Drone/00068.png 14,31,234,179,0
Drone/00069.png 106,85,202,198,0
Drone/00070.png 55,33,188,179,0
Drone/00071.png 57,32,204,180,0
Drone/00072.png 144,169,212,206,0
Drone/00073.png 34,11,201,226,0
Drone/00074.png 3,36,251,189,0
Drone/00075.png 25,28,179,178,0
Drone/00076.png 22,24,176,173,0
Drone/00077.png 1,3,234,215,0
Drone/00078.png 49,32,218,219,0
Drone/00079.png 123,92,227,210,0
Drone/00080.png 61,95,191,196,0
Drone/00081.png 21,29,255,235,0
Drone/00082.png 42,7,185,170,0
Drone/00083.png 45,55,186,190,0
Drone/00084.png 114,50,206,159,0
Drone/00085.png 19,8,223,236,0
Drone/00086.png 28,32,213,206,0
Drone/00087.png 77,70,201,190,0
Drone/00088.png 16,4,229,245,0
Drone/00089.png 66,38,190,183,0
Drone/00090.png 153,150,219,219,0
Drone/00091.png 150,118,219,204,0
Drone/00092.png 84,124,187,206,0
Drone/00093.png 14,8,234,252,0
Drone/00094.png 31,22,197,172,0
Drone/00095.png 134,116,207,206,0
Drone/00096.png 94,91,201,188,0
Drone/00097.png 135,136,209,215,0
Drone/00098.png 24,47,179,186,0
Drone/00099.png 94,154,198,220,0
Drone/00100.png 98,55,208,186,0
Drone/00101.png 27,50,172,180,0
Drone/00102.png 123,152,208,216,0
Drone/00103.png 99,17,199,180,0
Drone/00104.png 107,70,203,191,0
Drone/00105.png 151,89,217,192,0
Drone/00106.png 6,6,228,238,0
Drone/00107.png 10,8,237,192,0
Drone/00108.png 26,66,207,207,0
Drone/00109.png 17,37,230,196,0
Drone/00110.png 162,88,220,186,0
Drone/00111.png 16,47,226,188,0
Drone/00112.png 32,64,185,186,0
Drone/00113.png 51,54,187,185,0
Drone/00114.png 42,30,232,207,0
Drone/00115.png 3,6,186,222,0
Drone/00116.png 184,14,225,168,0
Drone/00117.png 116,56,212,185,0
Drone/00118.png 170,102,225,199,0
Drone/00119.png 143,104,217,200,0
Drone/00120.png 138,135,202,213,0
Drone/00121.png 211,133,255,206,0 1,135,45,210,0
Drone/00122.png 1,135,212,220,0
Drone/00123.png 30,85,180,194,0
Drone/00124.png 210,64,251,91,2 3,21,169,176,0
Drone/00125.png 2,52,172,183,0
Drone/00126.png 171,198,216,231,0
Drone/00127.png 68,72,202,191,0
Drone/00128.png 25,15,225,191,0
Drone/00129.png 11,7,237,235,0
Drone/00130.png 35,36,199,179,0
Drone/00131.png 22,34,249,182,0
Drone/00132.png 58,31,191,194,0
Drone/00133.png 128,80,207,194,0
Drone/00134.png 17,57,199,186,0
Drone/00135.png 28,32,192,178,0
Drone/00136.png 60,35,244,184,0
Drone/00137.png 4,50,172,180,0
Drone/00138.png 109,89,205,196,0
Drone/00139.png 9,14,248,204,0
Drone/00140.png 22,11,219,176,0
Drone/00141.png 101,131,204,207,0
Drone/00142.png 89,73,193,184,0
Drone/00143.png 133,89,209,198,0
Drone/00144.png 8,19,240,216,0
Drone/00145.png 22,45,213,179,0
Drone/00146.png 70,71,199,191,0
Drone/00147.png 187,197,228,233,0
Drone/00148.png 24,3,180,190,0
Drone/00149.png 119,85,209,189,0
Drone/00150.png 29,9,190,179,0
Drone/00151.png 59,106,198,200,0
Drone/00152.png 33,53,186,181,0
Drone/00153.png 3,10,214,214,0
Drone/00154.png 157,142,223,207,0
Drone/00155.png 3,3,255,256,0
Drone/00156.png 18,32,224,208,0
Drone/00157.png 96,66,203,193,0
Drone/00158.png 19,61,179,191,0
Drone/00159.png 31,14,207,178,0
Drone/00160.png 28,79,216,191,0
Drone/00161.png 166,193,220,232,0
Drone/00162.png 69,56,207,201,0
Drone/00163.png 30,49,228,197,0
Drone/00164.png 2,53,222,233,0
Drone/00165.png 14,38,250,180,0
Drone/00166.png 4,19,223,172,0
Drone/00167.png 54,56,204,184,0
Drone/00168.png 106,109,201,192,0
Drone/00169.png 86,129,194,197,0
Drone/00170.png 156,201,215,230,0
Drone/00171.png 19,13,232,192,0
Drone/00172.png 11,13,244,233,0
Drone/00173.png 4,11,173,169,0
Drone/00174.png 115,50,223,180,0
Drone/00175.png 18,34,207,208,0
Drone/00176.png 18,22,241,192,0
Drone/00177.png 16,89,183,195,0
Drone/00178.png 29,33,240,182,0
Drone/00179.png 77,27,195,180,0
Drone/00180.png 29,35,189,187,0
Drone/00181.png 5,79,195,190,0
Drone/00182.png 4,36,254,223,0
Drone/00183.png 20,42,246,217,0
Drone/00184.png 75,11,227,169,0
Drone/00185.png 1,61,84,136,2 87,19,254,197,0
Drone/00186.png 6,13,237,229,0
Drone/00187.png 10,32,217,183,0
Drone/00188.png 1,40,200,183,0
Drone/00189.png 18,3,235,237,0
Drone/00190.png 105,24,213,166,0
Drone/00191.png 22,45,177,178,0
Drone/00192.png 48,38,196,179,0
Drone/00193.png 27,5,227,228,0
Drone/00194.png 24,20,198,170,0
Drone/00195.png 88,29,198,173,0
Drone/00196.png 1,31,255,212,0
Drone/00197.png 123,73,241,187,0
Drone/00198.png 2,4,207,175,0
Drone/00199.png 9,51,248,249,0
Drone/00200.png 56,45,198,182,0
Drone/00201.png 24,12,216,235,0
Drone/00202.png 11,4,233,251,0
Drone/00203.png 82,21,245,177,0
Drone/00204.png 18,38,194,181,0
Drone/00205.png 4,10,224,239,0
Drone/00206.png 33,49,213,205,0
Drone/00207.png 170,161,223,209,0 73,22,207,171,0
Drone/00208.png 1,99,162,189,0
Drone/00209.png 155,133,220,204,0 31,2,156,149,0
Drone/00210.png 26,65,179,187,0
Drone/00211.png 4,21,218,187,0
Drone/00212.png 40,33,194,178,0
Drone/00213.png 8,44,228,182,0
Drone/00214.png 106,89,204,202,0
Drone/00215.png 26,28,220,191,0
Drone/00216.png 219,3,255,69,0 152,92,223,198,0
Drone/00217.png 116,218,139,255,0 236,22,254,60,0 171,42,226,180,0
Drone/00218.png 218,80,245,182,0 147,130,207,256,0
Drone/00219.png 12,32,239,189,0
Drone/00220.png 17,4,255,255,0
Drone/00221.png 2,196,95,256,0 71,77,243,195,0
Drone/00222.png 30,51,191,188,0
Drone/00223.png 152,45,254,141,0 26,141,180,231,0 2,85,37,112,0
Drone/00224.png 33,187,172,232,0
Drone/00225.png 5,3,247,221,0
Drone/00226.png 17,23,208,201,0
Drone/00227.png 22,15,207,219,0
Drone/00228.png 8,50,175,175,0
Drone/00229.png 116,15,203,170,0
Drone/00230.png 129,40,245,176,0
Drone/00231.png 17,19,230,210,0
Drone/00232.png 20,37,233,225,0
Drone/00233.png 164,65,233,186,0
Drone/00234.png 45,67,203,169,0
Drone/00235.png 24,54,223,185,0
Drone/00236.png 32,32,183,174,0
Drone/00237.png 6,17,247,221,0
Drone/00238.png 50,14,227,183,0
Drone/00239.png 186,98,244,197,0
Drone/00240.png 5,36,242,204,0
Drone/00241.png 52,1,251,169,0
Drone/00242.png 162,69,223,189,0
Drone/00243.png 21,82,177,196,0
Drone/00244.png 128,64,254,236,0
Drone/00245.png 51,33,218,188,0
Drone/00246.png 6,16,230,225,0
Drone/00247.png 129,96,207,176,0
Drone/00248.png 112,83,232,189,0
Drone/00249.png 7,25,185,175,0
Drone/00250.png 21,42,206,180,0
Drone/00251.png 156,124,222,202,0
Drone/00252.png 8,42,231,185,0
Drone/00253.png 36,18,187,199,0
Drone/00254.png 5,3,238,234,0
Drone/00255.png 25,37,213,183,0
Drone/00256.png 5,35,223,174,0
Drone/00257.png 28,34,220,210,0
Drone/00258.png 67,2,191,165,0
Drone/00259.png 7,2,246,243,0
Drone/00260.png 99,103,214,197,0
Drone/00261.png 39,28,189,169,0
Drone/00262.png 69,29,234,179,0
Drone/00263.png 100,157,215,241,0
Drone/00264.png 35,121,177,209,0
Drone/00265.png 107,35,208,171,0
Drone/00266.png 199,125,231,198,0
Drone/00267.png 122,219,211,239,0
Drone/00268.png 159,141,217,210,0
Drone/00269.png 169,116,221,202,0
Drone/00270.png 192,148,237,202,0
Drone/00271.png 170,148,229,216,0
Drone/00272.png 183,207,232,236,0
Drone/00273.png 89,124,219,211,0
Drone/00274.png 22,35,193,178,0
Drone/00275.png 151,176,216,226,0
Drone/00276.png 25,66,178,188,0
Drone/00277.png 214,221,241,240,0
Drone/00278.png 27,19,216,173,0
Drone/00279.png 93,115,218,202,0
Drone/00280.png 27,8,245,171,0
Drone/00281.png 109,160,252,223,0
Drone/00282.png 124,176,223,226,0
Drone/00283.png 36,38,213,190,0
Drone/00284.png 8,10,247,201,0
Drone/00285.png 34,16,188,230,0
Drone/00286.png 51,28,190,179,0
Drone/00287.png 3,28,173,167,0
Drone/00288.png 59,39,190,180,0
Drone/00289.png 21,3,254,230,0
Drone/00290.png 23,24,175,166,0
Drone/00291.png 63,89,204,183,0
Drone/00292.png 34,55,182,185,0
Drone/00293.png 12,62,172,196,0
Drone/00294.png 1,28,255,229,0
Drone/00295.png 159,122,230,206,0
Drone/00296.png 57,21,212,149,0 8,78,138,174,0
Drone/00297.png 13,23,226,180,0
Drone/00298.png 53,35,237,198,0
Drone/00299.png 38,17,186,87,0
Drone/00300.png 101,35,228,180,0
Drone/00301.png 14,3,254,186,0
Drone/00302.png 42,64,182,185,0
Drone/00303.png 18,44,249,207,0
Drone/00304.png 18,60,237,188,0
Drone/00305.png 3,2,256,255,0
Drone/00306.png 9,36,178,178,0
Drone/00307.png 92,196,184,226,0
Drone/00308.png 3,37,225,180,0
Drone/00309.png 80,38,254,180,0
Drone/00310.png 2,40,228,183,0
Drone/00311.png 107,31,207,180,0
Drone/00312.png 46,11,178,154,0
Drone/00313.png 3,25,253,190,0
Drone/00314.png 9,57,225,183,0
Drone/00315.png 26,50,213,186,0
Drone/00316.png 73,22,247,181,0
Drone/00317.png 73,27,196,176,0
Drone/00318.png 24,25,225,210,0
Drone/00319.png 86,78,231,196,0
Drone/00320.png 62,93,191,212,0
Drone/00321.png 3,2,219,210,0
Drone/00322.png 21,121,178,208,0
Drone/00323.png 135,19,211,171,0
Drone/00324.png 82,144,209,219,0 1,42,139,110,0
Drone/00325.png 51,18,255,175,0
Drone/00326.png 5,15,238,248,0
Drone/00327.png 2,26,193,183,0
Drone/00328.png 3,8,211,215,0
Drone/00329.png 2,2,252,172,0
Drone/00330.png 119,47,211,186,0
Drone/00331.png 40,42,216,181,0
Drone/00332.png 32,29,180,177,0
Drone/00333.png 91,12,215,171,0
Drone/00334.png 111,13,209,177,0
Drone/00335.png 13,19,246,215,0
Drone/00336.png 30,222,213,255,0 18,7,217,169,0
Drone/00337.png 11,117,234,240,0
Drone/00338.png 12,6,232,170,0
Drone/00339.png 44,2,209,45,0 17,103,214,236,0
Drone/00340.png 8,11,250,241,0
Drone/00341.png 7,29,234,177,0
Drone/00342.png 17,42,173,179,0
Drone/00343.png 25,66,190,190,0
Drone/00344.png 21,3,221,238,0
Drone/00345.png 14,46,173,178,0
Drone/00346.png 3,9,225,227,0
Drone/00347.png 38,53,251,175,0
Drone/00348.png 17,15,212,227,0
Drone/00349.png 19,25,208,197,0
Drone/00350.png 40,3,195,186,0
Drone/00351.png 4,3,222,246,0
Drone/00352.png 1,19,255,218,0
Drone/00353.png 26,42,241,192,0
Drone/00354.png 17,7,248,220,0
Drone/00355.png 93,87,200,199,0
Drone/00356.png 53,23,199,178,0
Drone/00357.png 163,127,222,209,0
Drone/00358.png 37,56,203,187,0
Drone/00359.png 30,71,189,189,0
Drone/00360.png 2,10,231,209,0
Drone/00361.png 15,20,219,222,0
Drone/00362.png 15,12,255,172,0
Drone/00363.png 25,1,221,169,0
Drone/00364.png 53,76,206,198,0
Drone/00365.png 14,35,242,185,0
Drone/00366.png 107,54,212,185,0
Drone/00367.png 35,68,218,223,0
Drone/00368.png 11,16,235,224,0
Drone/00369.png 54,35,205,205,0
Drone/00370.png 25,36,179,181,0
Drone/00371.png 117,133,219,216,0
Drone/00372.png 3,6,253,233,0
Drone/00373.png 29,64,198,194,0
Drone/00374.png 58,97,190,196,0
Drone/00375.png 211,193,238,228,0
Drone/00376.png 20,43,177,168,0
Drone/00377.png 91,45,253,195,0
Drone/00378.png 231,54,255,173,0 1,49,197,207,0
Drone/00379.png 127,29,241,209,0 1,60,94,199,0
Drone/00380.png 53,16,256,176,0
Drone/00381.png 68,21,190,184,0
Drone/00382.png 52,24,214,187,0
Drone/00383.png 47,39,246,194,0
Drone/00384.png 43,15,182,206,0
Drone/00385.png 4,14,244,204,0
Drone/00386.png 99,95,189,202,0
Drone/00387.png 12,8,252,223,0
Drone/00388.png 214,129,255,155,2 31,40,182,183,0
Drone/00389.png 141,2,219,174,0
Drone/00390.png 91,71,204,194,0
Drone/00391.png 8,26,174,175,0
Drone/00392.png 178,126,225,201,0
Drone/00393.png 14,38,238,197,0
Drone/00394.png 198,120,235,213,0
Drone/00395.png 3,11,247,181,0
Drone/00396.png 23,1,202,179,0
Drone/00397.png 59,31,248,180,0 3,73,58,216,0
Drone/00398.png 209,28,254,61,0 2,47,209,182,0
Drone/00399.png 186,36,232,166,0
Drone/00400.png 124,170,213,217,0
Drone/00401.png 117,27,231,172,0
Drone/00402.png 5,35,244,188,0
Drone/00403.png 10,59,194,189,0
Drone/00404.png 3,35,237,180,0
Drone/00405.png 12,8,164,171,0
Drone/00406.png 20,67,218,189,0
Drone/00407.png 20,20,218,173,0
Drone/00408.png 51,89,201,200,0
Drone/00409.png 121,94,210,202,0
Drone/00410.png 80,9,239,172,0
Drone/00411.png 2,4,235,217,0
Drone/00412.png 19,17,220,221,0
Drone/00413.png 1,28,198,231,0
Drone/00414.png 11,43,187,186,0
Drone/00415.png 12,32,252,182,0
Drone/00416.png 92,101,199,208,0
Drone/00417.png 15,32,232,195,0
Drone/00418.png 105,20,208,171,0
Drone/00419.png 33,36,241,186,0
Drone/00420.png 45,64,225,192,0
Drone/00421.png 29,42,185,185,0
Drone/00422.png 8,38,223,191,0
Drone/00423.png 18,67,181,191,0
Drone/00424.png 21,22,193,193,0
Drone/00425.png 13,15,216,221,0
Drone/00426.png 22,31,213,190,0
Drone/00427.png 98,25,210,177,0
Drone/00428.png 1,10,240,240,0
Drone/00429.png 85,26,199,173,0
Drone/00430.png 7,40,230,198,0
Drone/00431.png 12,14,243,215,0
Drone/00432.png 1,17,254,176,0
Drone/00433.png 73,6,240,228,0
Drone/00434.png 14,15,196,230,0
Drone/00435.png 3,40,255,204,0
Drone/00436.png 80,49,211,187,0
Drone/00437.png 12,76,229,196,0
Drone/00438.png 26,46,192,185,0
Drone/00439.png 38,5,195,171,0
Drone/00440.png 2,107,179,206,0
Drone/00441.png 64,107,193,208,0
Drone/00442.png 111,121,204,204,0
Drone/00443.png 39,29,185,175,0
Drone/00444.png 59,81,190,196,0
Drone/00445.png 1,9,185,173,0
Drone/00446.png 141,77,214,196,0
Drone/00447.png 17,21,227,227,0
Drone/00448.png 15,19,227,200,0
Drone/00449.png 21,55,184,191,0
Drone/00450.png 5,5,235,213,0
Drone/00451.png 3,50,198,188,0
Drone/00452.png 32,19,195,182,0
Drone/00453.png 42,67,185,188,0
Drone/00454.png 40,14,239,210,0
Drone/00455.png 32,32,181,184,0
Drone/00456.png 87,182,196,230,0
Drone/00457.png 4,64,243,203,0
Drone/00458.png 13,34,245,235,0
Drone/00459.png 29,15,181,178,0
Drone/00460.png 21,29,193,190,0
Drone/00461.png 9,52,232,204,0
Drone/00462.png 32,106,190,207,0
Drone/00463.png 47,56,193,191,0
Drone/00464.png 149,65,230,190,0
Drone/00465.png 28,67,197,199,0
Drone/00466.png 17,17,225,195,0
Drone/00467.png 4,14,227,223,0
Drone/00468.png 144,77,210,192,0
Drone/00469.png 94,21,202,172,0
Drone/00470.png 140,133,214,211,0
Drone/00471.png 57,89,238,229,0
Drone/00472.png 35,33,217,238,0
Drone/00473.png 35,66,232,190,0
Drone/00474.png 31,31,237,208,0
Drone/00475.png 72,22,231,217,0
Drone/00476.png 62,89,191,197,0
Drone/00477.png 26,38,203,190,0
Drone/00478.png 197,165,235,216,0
Drone/00479.png 8,51,233,188,0
Drone/00480.png 82,79,200,197,0
Drone/00481.png 142,73,220,188,0
Drone/00482.png 46,3,240,196,0
Drone/00483.png 3,2,208,207,0
Drone/00484.png 3,21,195,190,0
Drone/00485.png 29,28,242,202,0
Drone/00486.png 33,22,214,210,0
Drone/00487.png 31,4,195,246,0
Drone/00488.png 111,120,200,208,0
Drone/00489.png 60,4,229,199,0
Drone/00490.png 10,56,234,188,0
Drone/00491.png 38,50,182,185,0
Drone/00492.png 33,28,186,211,0
Drone/00493.png 59,41,191,182,0
Drone/00494.png 3,12,214,217,0
Drone/00495.png 36,14,182,179,0
Drone/00496.png 13,35,184,182,0
Drone/00497.png 73,59,194,186,0
Drone/00498.png 31,40,197,181,0
Drone/00499.png 27,3,249,214,0
Drone/00500.png 38,36,221,196,0
Drone/00501.png 163,112,220,208,0
Drone/00502.png 23,36,218,199,0
Drone/00503.png 35,24,194,179,0
Drone/00504.png 206,19,237,160,0
Drone/00505.png 35,50,208,187,0
Drone/00506.png 28,10,180,169,0
Drone/00507.png 29,7,182,207,0
Drone/00508.png 63,2,245,168,0
Drone/00509.png 18,31,209,193,0
Drone/00510.png 76,141,200,216,0
Drone/00511.png 2,116,57,187,0 140,161,216,223,0
Drone/00512.png 60,70,193,194,0
Drone/00513.png 14,3,234,169,0
Drone/00514.png 2,38,225,240,0
Drone/00515.png 36,25,205,175,0
Drone/00516.png 3,11,240,238,0
Drone/00517.png 2,1,252,225,0
Drone/00518.png 3,26,218,179,0
Drone/00519.png 2,29,196,219,0
Drone/00520.png 139,99,229,198,0
Drone/00521.png 10,26,179,177,0
Drone/00522.png 19,10,223,233,0
Drone/00523.png 109,131,208,211,0
Drone/00524.png 64,46,212,210,0
Drone/00525.png 23,37,183,188,0
Drone/00526.png 1,16,251,244,0
Drone/00527.png 23,21,215,177,0
Drone/00528.png 4,3,253,256,0
Drone/00529.png 3,31,233,226,0
Drone/00530.png 3,26,242,213,0
Drone/00531.png 19,49,179,184,0
Drone/00532.png 19,11,255,255,0
Drone/00533.png 53,42,212,187,0
Drone/00534.png 112,36,208,181,0
Drone/00535.png 50,50,207,187,0
Drone/00536.png 95,105,199,204,0
Drone/00537.png 110,102,203,203,0
Drone/00538.png 3,13,239,226,0
Drone/00539.png 3,17,239,187,0
Drone/00540.png 20,28,227,193,0
Drone/00541.png 1,12,244,242,0
Drone/00542.png 105,140,202,219,0
Drone/00543.png 32,8,181,172,0
Drone/00544.png 189,91,232,190,0
Drone/00545.png 71,106,198,205,0
Drone/00546.png 3,22,234,238,0
Drone/00547.png 19,35,240,191,0
Drone/00548.png 150,112,212,202,0
Drone/00549.png 32,27,180,180,0
Drone/00550.png 152,189,253,256,0 50,1,255,171,0 1,67,56,166,0
Drone/00551.png 105,75,254,194,0 91,2,255,61,0
Drone/00552.png 169,1,255,75,0 16,46,174,189,0
Drone/00553.png 35,8,204,174,0
Drone/00554.png 57,116,181,205,0
Drone/00555.png 123,178,210,250,0 1,89,67,196,0 179,38,255,141,0
Drone/00556.png 1,162,21,245,0 2,2,60,40,0 126,100,212,203,0 77,236,153,256,0
Drone/00557.png 47,148,124,255,0 171,110,226,206,0
Drone/00558.png 1,175,57,249,0 200,179,245,241,0 31,38,112,141,0 165,10,222,83,0
Drone/00559.png 137,89,213,191,0
Drone/00560.png 138,92,214,200,0
Drone/00561.png 50,12,192,175,0
Drone/00562.png 32,4,240,187,0
Drone/00563.png 38,59,193,188,0
Drone/00564.png 26,22,207,244,0
Drone/00565.png 25,2,255,184,0
Drone/00566.png 113,40,205,186,0
Drone/00567.png 2,47,255,231,0
Drone/00568.png 30,36,199,182,0
Drone/00569.png 5,18,252,208,0
Drone/00570.png 100,75,217,195,0
Drone/00571.png 106,205,200,236,0
Drone/00572.png 38,37,182,181,0
Drone/00573.png 15,47,216,199,0
Drone/00574.png 2,3,228,188,0
Drone/00575.png 3,43,200,202,0
Drone/00576.png 32,73,195,194,0
Drone/00577.png 8,25,248,188,0
Drone/00578.png 7,6,242,226,0
Drone/00579.png 12,49,172,181,0
Drone/00580.png 102,70,202,186,0
Drone/00581.png 1,12,240,227,0
Drone/00582.png 10,50,239,184,0
Drone/00583.png 21,15,230,231,0
Drone/00584.png 3,49,212,194,0
Drone/00585.png 1,22,251,181,0
Drone/00587.png 69,106,193,199,0
Drone/00588.png 40,94,181,199,0
Drone/00589.png 95,21,201,178,0
Drone/00590.png 78,3,196,170,0
Drone/00591.png 2,28,236,226,0
Drone/00592.png 6,35,215,255,0
Drone/00593.png 25,38,192,255,0
Drone/00594.png 18,53,178,185,0
Drone/00595.png 170,64,227,201,0
Drone/00596.png 63,5,248,174,0
Drone/00597.png 6,26,239,201,0
Drone/00598.png 30,102,224,202,0
Drone/00599.png 3,63,179,185,0
Drone/00600.png 96,112,222,202,0 1,1,90,79,0
Drone/00601.png 7,12,231,216,0
Drone/00602.png 145,30,217,176,0
Drone/00603.png 8,24,188,193,0
Drone/00604.png 9,59,214,188,0
Drone/00605.png 5,3,247,238,0
Drone/00606.png 3,31,251,181,0
Drone/00607.png 149,76,249,199,0
Drone/00608.png 1,92,172,199,0
Drone/00609.png 165,189,226,232,0
Drone/00610.png 75,50,209,185,0
Drone/00611.png 8,44,244,187,0
Drone/00612.png 2,43,197,243,0
Drone/00613.png 2,43,248,226,0
Drone/00614.png 66,3,225,174,0
Drone/00615.png 25,229,75,256,0 113,106,207,208,0
Drone/00616.png 93,160,199,225,0 216,67,256,103,0
Drone/00617.png 17,7,227,178,0
Drone/00618.png 57,69,200,193,0
Drone/00619.png 9,32,242,212,0
Drone/00620.png 2,3,250,194,0
Drone/00621.png 3,26,178,179,0
Drone/00622.png 105,131,210,217,0
Drone/00623.png 22,59,175,197,0
Drone/00624.png 101,29,219,181,0
Drone/00625.png 31,6,237,245,0
Drone/00626.png 70,24,195,174,0
Drone/00627.png 50,42,196,183,0
Drone/00628.png 7,2,254,238,0
Drone/00629.png 149,15,222,172,0
Drone/00630.png 2,38,253,186,0
Drone/00631.png 4,42,209,241,0
Drone/00632.png 39,52,189,178,0
Drone/00633.png 6,74,231,188,0
Drone/00634.png 21,21,185,225,0
Drone/00635.png 3,49,194,239,0
Drone/00636.png 3,16,255,178,0
Drone/00637.png 95,119,202,201,0
Drone/00638.png 15,52,213,204,0
Drone/00639.png 21,30,254,214,0
Drone/00640.png 24,36,210,230,0
Drone/00641.png 39,21,194,174,0
Drone/00642.png 14,24,238,223,0
Drone/00643.png 63,43,204,182,0
Drone/00644.png 18,10,194,176,0
Drone/00645.png 10,10,256,211,0
Drone/00646.png 24,21,188,180,0
Drone/00647.png 53,7,188,172,0
Drone/00648.png 3,45,233,172,0
Drone/00649.png 100,60,204,185,0
Drone/00650.png 26,3,203,197,0
Drone/00651.png 7,9,175,176,0
Drone/00652.png 45,46,184,189,0
Drone/00653.png 42,28,190,180,0
Drone/00654.png 4,3,175,176,0
Drone/00655.png 39,24,208,130,0
Drone/00656.png 5,32,230,191,0
Drone/00657.png 77,92,201,199,0
Drone/00658.png 5,30,227,185,0
Drone/00659.png 18,79,223,196,0
Drone/00660.png 22,28,221,177,0
Drone/00661.png 25,92,179,200,0
Drone/00662.png 18,35,227,184,0
Drone/00663.png 6,43,217,189,0
Drone/00664.png 55,35,231,183,0
Drone/00665.png 77,103,182,190,0
Drone/00666.png 15,15,222,255,0
Drone/00667.png 1,3,175,212,0
Drone/00668.png 1,50,180,185,0
Drone/00669.png 75,69,208,192,0
Drone/00670.png 12,46,186,181,0
Drone/00671.png 10,2,249,169,0
Drone/00672.png 27,32,203,178,0
Drone/00673.png 2,17,255,173,0
Drone/00674.png 71,23,208,172,0
Drone/00675.png 141,146,208,218,0
Drone/00676.png 78,40,214,186,0
Drone/00677.png 52,59,222,190,0
Drone/00678.png 30,18,179,175,0
Drone/00679.png 26,31,241,177,0
Drone/00680.png 41,53,182,186,0
Drone/00681.png 15,65,194,221,0
Drone/00682.png 13,28,193,176,0
Drone/00683.png 45,47,202,180,0
Drone/00684.png 67,66,230,188,0
Drone/00685.png 1,40,180,185,0
Drone/00686.png 36,65,199,189,0
Drone/00687.png 40,43,192,185,0
Drone/00688.png 24,52,202,196,0
Drone/00689.png 35,2,185,183,0
Drone/00690.png 2,42,211,181,0
Drone/00691.png 45,14,230,176,0
Drone/00692.png 9,54,188,191,0
Drone/00693.png 60,59,188,185,0
Drone/00694.png 87,57,195,198,0
Drone/00695.png 35,60,189,180,0
Drone/00696.png 78,37,202,172,0
Drone/00697.png 82,31,199,185,0
Drone/00698.png 3,40,229,187,0
Drone/00699.png 10,63,235,193,0
Drone/00700.png 0,26,203,185,0
Drone/00701.png 83,43,197,178,0
Drone/00702.png 5,35,234,183,0
Drone/00703.png 21,64,201,186,0
Drone/00704.png 45,7,221,168,0
Drone/00705.png 45,53,186,186,0
Drone/00706.png 4,15,238,192,0
Drone/00707.png 3,66,186,205,0
Drone/00708.png 5,46,181,231,0
Drone/00709.png 70,35,256,180,0
Drone/00710.png 18,49,225,187,0
Drone/00711.png 34,69,197,191,0
Drone/00712.png 22,15,184,171,0
Drone/00713.png 104,49,232,172,0
Drone/00714.png 51,15,192,170,0
Drone/00715.png 26,84,222,191,0
Drone/00716.png 58,95,185,196,0
Drone/00717.png 98,105,193,198,0
Drone/00718.png 53,70,187,191,0
Drone/00719.png 45,33,200,178,0
Drone/00720.png 45,21,188,174,0
Drone/00721.png 69,89,193,193,0
Drone/00722.png 15,11,189,168,0
Drone/00723.png 66,82,212,189,0
Drone/00724.png 33,43,219,179,0
Drone/00725.png 82,121,200,252,0
Drone/00726.png 30,50,189,194,0
Drone/00727.png 49,17,192,174,0
Drone/00728.png 4,15,170,175,0
Drone/00729.png 38,27,193,176,0
Drone/00730.png 3,27,188,176,0
Drone/00731.png 45,63,183,180,0
Drone/00732.png 39,30,222,181,0
Drone/00733.png 53,61,201,187,0
Drone/00734.png 50,55,189,189,0
Drone/00735.png 85,69,212,199,0
Drone/00736.png 55,72,186,190,0
Drone/00737.png 25,31,247,216,0
Drone/00738.png 12,27,173,177,0
Drone/00739.png 124,67,207,189,0
Drone/00740.png 90,65,212,187,0
Drone/00741.png 21,24,216,173,0
Drone/00742.png 51,35,193,183,0
Drone/00743.png 98,37,204,175,0
Drone/00744.png 31,19,207,176,0
Drone/00745.png 38,14,204,170,0
Drone/00746.png 5,49,173,183,0
Drone/00747.png 42,64,178,186,0
Drone/00748.png 14,45,176,186,0
Drone/00749.png 17,39,256,210,0
Drone/00750.png 27,19,175,172,0
Drone/00751.png 138,53,211,179,0
Drone/00752.png 80,46,223,185,0
Drone/00753.png 91,156,188,216,0
Drone/00754.png 145,46,232,182,0
Drone/00755.png 98,13,223,170,0
Drone/00756.png 2,12,222,175,0
Drone/00757.png 103,68,246,193,0
Drone/00758.png 78,79,214,194,0
Drone/00759.png 67,61,191,186,0
Drone/00760.png 157,102,221,202,0
Drone/00761.png 52,47,243,180,0
Drone/00762.png 147,40,211,166,0
Drone/00763.png 9,47,173,183,0
Drone/00764.png 17,46,170,168,0
Drone/00765.png 95,52,223,183,0
Drone/00766.png 6,32,183,178,0
Drone/00767.png 148,63,217,177,0
Drone/00768.png 19,70,179,192,0
Drone/00769.png 81,57,194,189,0
Drone/00770.png 14,38,174,174,0
Drone/00771.png 22,50,219,191,0
Drone/00772.png 78,11,251,223,0
Drone/00773.png 49,27,244,182,0
Drone/00774.png 111,41,214,173,0
Drone/00775.png 40,84,181,192,0
Drone/00776.png 17,8,240,207,0
Drone/00777.png 57,44,186,173,0
Drone/00778.png 67,126,189,205,0
Drone/00779.png 12,16,186,180,0
Drone/00780.png 8,37,174,178,0
Drone/00781.png 101,68,230,188,0
Drone/00782.png 77,2,226,173,0
Drone/00783.png 60,79,191,193,0
Drone/00784.png 90,127,213,214,0
Drone/00785.png 106,71,196,183,0
Drone/00786.png 21,21,175,173,0
Drone/00787.png 74,69,192,180,0
Drone/00788.png 81,52,200,187,0
Drone/00789.png 74,82,195,199,0
Drone/00790.png 138,85,213,202,0
Drone/00791.png 63,63,239,188,0
Drone/00792.png 71,38,193,183,0
Drone/00793.png 113,123,207,209,0
Drone/00794.png 73,16,212,171,0
Drone/00795.png 12,73,100,142,0 73,81,194,189,0
Drone/00796.png 168,112,255,244,0 78,99,206,188,0
Drone/00797.png 99,70,206,185,0
Drone/00798.png 90,24,231,205,0
Drone/00799.png 7,18,177,178,0
Drone/00800.png 17,50,176,193,0
Drone/00801.png 45,80,181,198,0
Drone/00802.png 2,12,172,228,0
Drone/00803.png 142,110,210,197,0
Drone/00804.png 49,26,198,178,0
Drone/00805.png 25,13,207,184,0
Drone/00806.png 56,36,185,181,0
Drone/00807.png 93,17,226,175,0
Drone/00808.png 47,74,177,192,0
Drone/00809.png 80,8,256,171,0
Drone/00810.png 35,76,185,186,0
Drone/00811.png 120,44,211,180,0
Drone/00812.png 170,140,224,215,0
Drone/00813.png 68,71,183,191,0
Drone/00814.png 133,105,225,199,0
Drone/00815.png 60,5,192,175,0
Drone/00816.png 120,76,220,191,0
Drone/00817.png 122,33,209,176,0
Drone/00818.png 37,14,181,180,0
Drone/00819.png 115,79,198,180,0
Drone/00820.png 44,32,184,176,0
Drone/00821.png 14,38,191,183,0
Drone/00822.png 10,74,179,184,0
Drone/00823.png 34,24,182,168,0
Drone/00824.png 62,72,182,182,0
Drone/00825.png 98,94,198,191,0
Drone/00826.png 73,52,194,181,0
Drone/00827.png 48,40,189,200,0
Drone/00828.png 56,17,190,176,0
Drone/00829.png 66,95,210,198,0
Drone/00830.png 109,30,224,179,0
Drone/00831.png 54,28,203,191,0
Drone/00832.png 100,49,229,255,0
Drone/00833.png 46,79,189,196,0
Drone/00834.png 9,50,204,182,0
Drone/00835.png 65,102,191,199,0
Drone/00836.png 62,119,187,208,0
Drone/00837.png 105,72,199,182,0
Drone/00838.png 142,39,213,179,0
Drone/00839.png 75,80,212,193,0
Drone/00840.png 38,57,190,179,0
Drone/00841.png 124,101,212,199,0
Drone/00842.png 46,57,217,188,0
Drone/00843.png 74,66,199,192,0
Drone/00844.png 149,60,217,181,0
Drone/00845.png 130,36,208,172,0
Drone/00846.png 74,77,187,179,0
Drone/00847.png 59,122,189,212,0
Drone/00848.png 46,65,191,187,0
Drone/00849.png 212,194,241,225,0
Drone/00850.png 214,189,241,255,0
Drone/00851.png 205,165,239,222,0
Drone/00852.png 155,120,221,206,0
Drone/00853.png 97,84,205,193,0
Drone/00854.png 42,42,174,185,0
Drone/00855.png 3,46,156,181,0
Drone/00856.png 3,44,165,187,0
Drone/00857.png 3,47,166,186,0
Drone/00858.png 90,73,203,193,0
Drone/00859.png 94,63,203,188,0
Drone/00860.png 95,67,201,190,0
Drone/00861.png 95,68,203,190,0
Drone/00862.png 94,66,196,188,0
Drone/00863.png 98,71,198,195,0
Drone/00864.png 106,70,201,193,0
Drone/00865.png 173,145,223,217,0
Drone/00866.png 157,133,221,213,0
Drone/00867.png 165,129,218,207,0
Drone/00868.png 160,123,222,208,0
Drone/00869.png 156,119,216,208,0
Drone/00870.png 88,139,199,210,0
Drone/00871.png 89,93,200,201,0
Drone/00872.png 80,125,194,208,0
Drone/00873.png 82,123,184,210,0
Drone/00874.png 79,141,187,255,0
Drone/00875.png 83,119,197,245,0
Drone/00876.png 77,111,194,247,0
Drone/00877.png 95,84,201,198,0
Drone/00878.png 101,70,204,192,0
Drone/00879.png 100,51,200,182,0
Drone/00880.png 113,115,206,208,0
Drone/00881.png 123,154,207,223,0
Drone/00882.png 103,145,199,219,0
Drone/00883.png 95,121,198,208,0
Drone/00884.png 110,110,208,205,0
Drone/00885.png 173,151,227,220,0
Drone/00886.png 196,205,231,237,0
Drone/00887.png 163,133,220,207,0
Drone/00888.png 25,118,159,197,0
Drone/00889.png 43,203,177,255,0
Drone/00890.png 57,221,171,255,0
Drone/00891.png 163,172,221,255,0
Drone/00892.png 119,115,212,206,0
Drone/00893.png 37,127,185,212,0
Drone/00894.png 154,29,223,180,0
Drone/00895.png 138,32,216,182,0
Drone/00896.png 73,96,191,198,0
Drone/00897.png 101,135,203,210,0
Drone/00898.png 68,187,188,226,0
Drone/00899.png 61,35,189,177,0
Drone/00900.png 184,173,229,227,0
Drone/00901.png 203,193,237,229,0
Drone/00903.png 196,179,230,223,0
Drone/00904.png 135,91,211,197,0
Drone/00905.png 158,127,220,206,0
Drone/00906.png 215,224,239,244,0
Drone/00907.png 221,201,244,233,0
Drone/00908.png 198,208,235,238,0
Drone/00909.png 191,201,232,235,0
Drone/00910.png 190,190,233,227,0
Drone/00911.png 175,175,226,223,0
Drone/00912.png 200,190,235,228,0
Drone/00913.png 194,170,231,221,0
Drone/00914.png 185,163,229,220,0
Drone/00915.png 187,155,228,213,0
Drone/00916.png 152,115,218,201,0
Drone/00917.png 115,54,212,183,0
Drone/00918.png 89,3,216,173,0
Drone/00919.png 89,5,219,168,0
Drone/00920.png 165,3,254,167,0
Drone/00921.png 105,43,251,186,0
Drone/00922.png 203,179,234,227,0
Drone/00923.png 182,167,230,225,0
Drone/00924.png 182,148,226,211,0
Drone/00925.png 5,173,168,255,2
Drone/00926.png 183,142,230,210,0
Drone/00927.png 91,3,125,29,0 1,91,156,178,2
Drone/00928.png 177,147,225,210,0
Drone/00929.png 3,106,159,181,2 86,21,120,45,0
Drone/00930.png 170,180,220,225,0
Drone/00931.png 1,105,159,181,2 83,25,118,52,0
Drone/00932.png 170,178,222,223,0
Drone/00933.png 1,102,155,177,2 83,56,117,80,0
Drone/00934.png 176,179,229,223,0
Drone/00935.png 2,73,152,171,2 85,82,119,109,0
Drone/00936.png 176,181,229,223,0 31,165,254,255,2
Drone/00937.png 19,46,238,187,2 177,176,228,224,0
Drone/00938.png 0,46,131,153,2 92,147,123,178,0
Drone/00939.png 192,184,230,225,0
Drone/00940.png 189,180,230,228,0
Drone/00941.png 201,152,238,216,0
Drone/00942.png 218,164,241,213,0
Drone/00943.png 122,184,209,229,0
Drone/00944.png 137,163,210,218,0
Drone/00945.png 109,161,210,216,0
Drone/00946.png 144,154,216,215,0
Drone/00947.png 81,139,192,208,0
Drone/00948.png 8,127,173,210,0
Drone/00949.png 141,145,213,207,0
Drone/00950.png 193,197,227,230,0
Drone/00951.png 198,205,231,232,0
Drone/00952.png 186,197,220,226,0
Drone/00953.png 208,210,237,236,0
Drone/00954.png 190,181,232,229,0
Drone/00955.png 184,176,227,221,0
Drone/00956.png 170,194,224,237,0
Drone/00957.png 200,188,237,230,0
Drone/00958.png 1,29,179,194,0
Drone/00959.png 1,44,157,179,0
Drone/00960.png 82,102,192,202,0
Drone/00961.png 155,153,220,216,0
Drone/00962.png 168,170,216,220,0
Drone/00963.png 159,145,219,216,0
Drone/00964.png 165,161,217,219,0
Drone/00965.png 201,212,234,238,0
Drone/00966.png 197,204,230,234,0
Drone/00967.png 196,205,233,229,0
Drone/00968.png 179,196,226,232,0
Drone/00969.png 131,180,207,227,0
Drone/00970.png 21,99,254,255,0
Drone/00971.png 12,59,255,256,0
Drone/00972.png 41,55,255,255,0
Drone/00973.png 25,14,255,248,0
Drone/00974.png 39,2,255,175,0
Drone/00975.png 55,31,242,181,0
Drone/00976.png 145,154,207,219,0
Drone/00977.png 188,187,228,228,0
Drone/00978.png 196,207,229,237,0
Drone/00979.png 2,2,255,255,0
Drone/00980.png 2,13,233,255,0
Drone/00981.png 3,43,203,240,0
Drone/00982.png 29,53,210,223,0
Drone/00983.png 184,168,229,222,0
Drone/00984.png 162,173,220,223,0
Drone/00985.png 162,149,217,211,0
Drone/00986.png 191,150,229,216,0
Drone/00987.png 189,110,227,194,0
Drone/00988.png 212,178,241,221,0
Drone/00989.png 180,182,224,230,0
Drone/00990.png 151,173,205,224,0
Drone/00991.png 154,147,224,210,0
Drone/00992.png 152,26,223,151,0
Drone/00993.png 160,151,221,213,0
Drone/00994.png 183,140,230,216,0
Drone/00995.png 82,144,195,221,0
Drone/00996.png 149,123,222,205,0
Drone/00997.png 129,136,208,210,0
Drone/00998.png 165,179,216,226,0
Drone/00999.png 156,179,227,230,0
Drone/01000.png 142,176,209,228,0
Drone/01001.png 142,153,208,214,0
Drone/01002.png 156,155,210,220,0
Drone/01003.png 150,166,216,221,0
Drone/01004.png 166,156,224,215,0
Drone/01005.png 108,155,191,214,0
Drone/01006.png 176,145,224,207,0
Drone/01008.png 219,208,240,230,0
Drone/01009.png 186,179,230,226,0
Bird/crane_00001.png 93,101,174,188,1
Bird/crane_00002.png 65,56,227,214,1
Bird/crane_00003.png 15,7,242,189,1
Bird/crane_00004.png 200,194,216,236,1 49,69,130,227,1
Bird/crane_00005.png 77,57,178,168,1
Bird/crane_00006.png 80,10,214,239,1
Bird/crane_00007.png 49,34,197,221,1
Bird/crane_00008.png 73,43,209,200,1
Bird/crane_00009.png 145,78,245,124,1 134,96,156,113,1 64,65,148,120,1 42,96,66,116,1
Bird/crane_00010.png 10,25,207,206,1
Bird/crane_00011.png 22,29,220,255,1
Bird/crane_00012.png 22,40,218,206,1
Bird/crane_00013.png 132,54,246,239,1 36,54,103,250,1
Bird/crane_00014.png 9,26,216,218,1
Bird/crane_00015.png 8,65,196,159,1
Bird/crane_00016.png 86,53,212,198,1
Bird/crane_00017.png 130,32,244,247,1
Bird/crane_00018.png 45,40,230,214,1
Bird/crane_00019.png 18,63,215,188,1
Bird/crane_00020.png 27,77,199,202,1
Bird/crane_00021.png 11,112,240,186,1
Bird/crane_00022.png 29,45,230,200,1
Bird/crane_00023.png 44,47,193,164,1
Bird/crane_00024.png 48,25,190,220,1
Bird/crane_00025.png 42,37,208,246,1
Bird/crane_00026.png 34,28,151,238,1
Bird/crane_00027.png 62,55,229,205,1 7,59,204,208,1
Bird/crane_00028.png 22,3,202,147,1
Bird/crane_00029.png 27,134,176,234,1 43,49,202,141,1
Bird/crane_00030.png 134,61,200,108,1 73,119,132,180,1
Bird/crane_00031.png 1,3,254,256,1
Bird/crane_00032.png 118,19,193,227,1
Bird/crane_00033.png 10,65,244,209,1
Bird/crane_00034.png 15,61,219,214,1
Bird/crane_00035.png 27,31,184,202,1
Bird/crane_00036.png 36,31,228,215,1
Bird/crane_00037.png 77,16,142,235,1
Bird/crane_00038.png 2,36,163,256,1
Bird/crane_00039.png 45,43,189,226,1
Bird/crane_00040.png 43,27,212,255,1
Bird/crane_00041.png 71,21,177,248,1
Bird/crane_00042.png 49,31,215,229,1
Bird/crane_00043.png 19,99,240,179,1
Bird/crane_00044.png 1,2,45,144,1 211,2,255,126,1 22,55,223,243,1
Bird/crane_00045.png 23,28,196,181,1 16,115,127,221,1
Bird/crane_00046.png 21,17,243,237,1
Bird/crane_00047.png 85,38,229,191,1 16,105,131,203,1
Bird/crane_00048.png 93,79,223,190,1
Bird/crane_00049.png 108,118,237,217,1 19,36,151,136,1
Bird/crane_00050.png 40,94,215,214,1
Bird/crane_00051.png 47,29,186,189,1
Bird/crane_00052.png 19,13,213,215,1
Bird/crane_00053.png 41,61,191,193,1
Bird/crane_00054.png 25,92,243,188,1
Bird/crane_00055.png 98,29,205,182,1
Bird/crane_00056.png 44,18,210,240,1
Bird/crane_00057.png 63,75,220,211,1
Bird/crane_00058.png 14,10,229,199,1
Bird/crane_00059.png 28,40,202,196,1
Bird/crane_00060.png 11,53,203,236,1 159,35,247,134,1
Bird/crane_00061.png 72,10,198,196,1
Bird/crane_00062.png 41,29,254,230,1
Bird/crane_00063.png 14,72,185,211,1
Bird/crane_00064.png 102,23,202,235,1
Bird/crane_00065.png 35,47,240,221,1
Bird/crane_00066.png 42,28,230,191,1
Bird/crane_00067.png 40,71,215,183,1
Bird/crane_00068.png 12,63,248,233,1
Bird/crane_00069.png 39,52,189,196,1
Bird/crane_00070.png 23,37,253,230,1
Bird/crane_00071.png 135,62,234,230,1
Bird/crane_00072.png 45,57,172,154,1
Bird/crane_00073.png 35,22,244,209,1
Bird/crane_00074.png 40,3,198,250,1
Bird/crane_00075.png 16,21,208,247,1
Bird/crane_00076.png 21,35,227,225,1
Bird/crane_00077.png 35,33,239,236,1
Bird/crane_00078.png 63,36,215,242,1
Bird/crane_00079.png 50,16,238,255,1
Bird/crane_00080.png 78,8,214,242,1
Bird/crane_00081.png 10,21,249,207,1
Bird/crane_00082.png 14,4,170,243,1
Bird/crane_00083.png 41,22,180,252,1
Bird/crane_00084.png 89,45,235,224,1
Bird/crane_00085.png 3,14,250,234,1
Bird/crane_00086.png 39,22,166,195,1
Bird/crane_00087.png 97,32,204,223,1
Bird/crane_00088.png 8,54,211,215,1
Bird/crane_00089.png 89,74,206,220,1
Bird/crane_00090.png 101,12,215,231,1
Bird/crane_00091.png 36,18,224,230,1
Bird/crane_00092.png 168,102,221,134,1 91,127,238,210,1 38,55,159,213,1
Bird/crane_00093.png 57,69,214,209,1
Bird/crane_00094.png 94,99,192,195,1
Bird/crane_00095.png 63,49,198,253,1
Bird/crane_00096.png 64,36,194,188,1
Bird/crane_00097.png 11,29,168,244,1
Bird/crane_00098.png 74,31,180,215,1
Bird/crane_00099.png 95,81,218,215,1
Bird/crane_00100.png 74,3,231,256,1
Bird/crane_00101.png 22,31,202,213,1
Bird/crane_00102.png 46,50,188,228,1
Bird/crane_00103.png 52,8,194,248,1
Bird/crane_00104.png 45,56,137,204,1
Bird/crane_00105.png 21,45,235,182,1
Bird/crane_00106.png 35,54,155,228,1
Bird/crane_00107.png 37,54,155,230,1
Bird/crane_00108.png 36,24,181,225,1 20,85,132,210,1 128,133,234,230,1
Bird/crane_00109.png 103,66,180,183,1
Bird/crane_00110.png 71,39,242,242,1
Bird/crane_00111.png 56,59,228,240,1
Bird/crane_00112.png 42,90,225,200,1
Bird/crane_00113.png 89,49,228,194,1
Bird/crane_00114.png 55,20,201,249,1
Bird/crane_00115.png 77,108,122,210,1
Bird/crane_00116.png 133,38,240,242,1 50,50,121,241,1
Bird/crane_00117.png 43,28,223,241,1
Bird/crane_00118.png 57,49,205,223,1
Bird/crane_00119.png 81,25,236,225,1
Bird/crane_00120.png 85,51,128,210,1
Bird/crane_00121.png 109,54,208,225,1
Bird/crane_00122.png 40,57,144,226,1
Bird/crane_00123.png 24,23,194,234,1
Bird/crane_00124.png 42,65,141,242,1
Bird/crane_00125.png 40,82,186,186,1
Bird/crane_00126.png 56,133,199,179,1
Bird/crane_00127.png 70,35,184,220,1
Bird/crane_00128.png 34,46,167,208,1
Bird/crane_00129.png 18,69,244,211,1
Bird/crane_00130.png 17,3,171,242,1
Bird/crane_00131.png 12,13,252,241,1
Bird/crane_00132.png 48,60,225,180,1
Bird/crane_00133.png 38,52,248,236,1
Bird/crane_00134.png 29,13,194,200,1
Bird/crane_00135.png 30,32,173,216,1 33,21,221,247,1
Bird/crane_00136.png 44,63,159,208,1
Bird/crane_00137.png 40,53,199,218,1
Bird/crane_00138.png 42,42,226,213,1 1,1,21,23,1 166,2,185,37,1 84,27,152,82,1 58,36,107,86,1
Bird/crane_00139.png 67,64,206,172,1
Bird/crane_00140.png 18,67,194,160,1 16,83,190,192,1
Bird/crane_00141.png 2,3,204,231,1
Bird/crane_00142.png 67,35,196,189,1
Bird/crane_00143.png 45,13,226,235,1
Bird/crane_00144.png 77,66,185,183,1
Bird/crane_00145.png 28,46,209,242,1
Bird/crane_00146.png 29,13,196,248,1
Bird/crane_00147.png 47,59,147,215,1
Bird/crane_00148.png 59,17,238,187,1
Bird/crane_00149.png 91,87,145,163,1
Bird/crane_00150.png 82,50,239,170,1
Bird/crane_00151.png 35,57,170,183,1
Bird/crane_00152.png 17,3,179,158,1
Bird/crane_00153.png 47,115,161,153,1
Bird/crane_00154.png 32,80,167,176,1
Bird/crane_00155.png 15,8,218,211,1
Bird/crane_00156.png 61,12,226,183,1
Bird/crane_00157.png 22,16,211,251,1 143,4,247,100,1
Bird/crane_00158.png 60,77,178,218,1
Bird/crane_00159.png 70,101,210,203,1
Bird/crane_00160.png 110,37,217,134,1
Bird/crane_00161.png 59,43,208,203,1
Bird/crane_00162.png 40,4,182,252,1
Bird/crane_00163.png 41,28,169,197,1
Bird/crane_00164.png 49,74,230,209,1
Bird/crane_00165.png 53,3,226,255,1
Bird/crane_00166.png 35,12,223,230,1
Bird/crane_00167.png 130,18,244,176,1
Bird/crane_00168.png 56,45,228,208,1
Bird/crane_00169.png 98,60,246,201,1
Bird/crane_00170.png 82,74,124,113,1
Bird/crane_00171.png 11,33,216,255,1
Bird/crane_00172.png 45,32,207,195,1
Bird/crane_00173.png 49,5,197,253,1
Bird/crane_00174.png 35,41,164,199,1
Bird/crane_00175.png 58,42,208,243,1
Bird/crane_00176.png 114,38,205,244,1
Bird/crane_00177.png 130,79,248,217,1 13,118,128,235,1
Bird/crane_00178.png 162,44,237,224,1 24,77,137,255,1
Bird/crane_00179.png 38,7,215,251,1
Bird/crane_00180.png 155,114,173,140,1 169,78,181,122,1 56,24,216,236,1 3,85,60,140,1
Bird/crane_00181.png 42,43,213,160,1
Bird/crane_00182.png 135,136,163,197,1 65,62,189,191,1 192,142,232,225,1 55,126,95,239,1 27,126,58,227,1 1,155,17,230,1
Bird/crane_00183.png 20,76,226,231,1
Bird/crane_00184.png 8,64,255,224,1
Bird/crane_00185.png 8,64,254,224,1
Bird/crane_00186.png 10,81,246,196,1
Bird/crane_00187.png 73,60,200,210,1
Bird/crane_00188.png 45,13,226,249,1
Bird/crane_00189.png 130,32,242,246,1
Bird/crane_00190.png 47,46,125,189,1 106,53,179,191,1 164,57,228,194,1
Bird/crane_00191.png 23,45,165,239,1
Bird/crane_00192.png 22,29,168,150,1
Bird/crane_00193.png 43,61,143,165,1
Bird/crane_00194.png 45,57,171,153,1
Bird/crane_00195.png 34,20,245,211,1
Bird/crane_00196.png 3,67,254,211,1
Bird/crane_00197.png 91,43,228,175,1
Bird/crane_00198.png 55,79,247,225,1
Bird/crane_00199.png 57,51,226,234,1
Bird/crane_00200.png 56,52,143,233,1 98,47,226,234,1
Bird/crane_00201.png 123,19,202,242,1 26,27,113,239,1
Bird/crane_00202.png 47,26,217,242,1
Bird/crane_00203.png 57,21,228,235,1
Bird/crane_00204.png 28,39,218,202,1
Bird/crane_00205.png 133,54,204,246,1 54,53,110,241,1
Bird/crane_00206.png 49,32,234,235,1
Bird/crane_00207.png 10,40,245,255,1
Bird/crane_00208.png 45,42,220,177,1
Bird/crane_00209.png 66,26,209,153,1
Bird/crane_00210.png 19,46,195,209,1
Bird/crane_00211.png 54,44,98,219,1
Bird/crane_00212.png 61,161,157,223,1 31,47,139,172,1 131,15,237,87,1
Bird/crane_00213.png 33,23,216,212,1
Bird/crane_00214.png 29,17,242,198,1
Bird/crane_00215.png 33,10,200,247,1
Bird/crane_00216.png 29,218,63,252,1 39,49,121,253,1 51,23,167,255,1
Bird/crane_00217.png 94,113,148,172,1
Bird/crane_00218.png 28,79,166,231,1
Bird/crane_00219.png 106,30,157,225,1
Bird/crane_00220.png 14,89,217,245,1
Bird/crane_00221.png 29,79,191,208,1
Bird/crane_00222.png 31,46,212,223,1
Bird/crane_00223.png 46,47,161,231,1
Bird/crane_00224.png 39,26,199,238,1
Bird/crane_00225.png 47,28,231,239,1
Bird/crane_00226.png 40,35,205,227,1
Bird/crane_00227.png 26,49,223,226,1
Bird/crane_00228.png 35,31,180,228,1
Bird/crane_00229.png 74,31,167,254,1
Bird/crane_00230.png 69,21,232,238,1
Bird/crane_00231.png 71,65,242,227,1
Bird/crane_00232.png 131,54,196,225,1
Bird/crane_00233.png 98,26,173,251,1
Bird/crane_00234.png 15,86,196,201,1
Bird/crane_00235.png 37,52,218,245,1
Bird/crane_00236.png 25,41,208,186,1
Bird/crane_00237.png 67,39,184,226,1 102,159,155,232,1
Bird/crane_00238.png 128,37,173,236,1 50,29,142,240,1
Bird/crane_00239.png 61,30,199,238,1
Bird/crane_00240.png 48,22,179,224,1
Bird/crane_00241.png 228,212,251,238,1 33,13,202,249,1 11,198,63,255,1
Bird/crane_00242.png 225,208,251,232,1 61,18,213,226,1
Bird/crane_00243.png 63,49,179,202,1 232,208,252,231,1
Bird/crane_00244.png 232,208,252,230,1 36,28,206,230,1
Bird/crane_00245.png 50,31,151,157,1 231,208,255,232,1 206,201,247,255,1 189,152,222,228,1
Bird/crane_00246.png 162,15,237,156,1 26,134,167,236,1
Bird/crane_00247.png 141,59,212,215,1 19,24,213,214,1
Bird/crane_00248.png 224,217,251,238,1 81,26,186,230,1
Bird/crane_00249.png 235,222,254,241,1 56,40,226,193,1
Bird/crane_00250.png 232,210,252,231,1 69,50,222,199,1
Bird/crane_00251.png 235,223,251,239,1 42,28,181,254,1
Bird/crane_00252.png 18,56,229,225,1 237,215,254,235,1
Bird/crane_00253.png 40,38,148,236,1
Bird/crane_00254.png 52,64,185,198,1
Bird/crane_00255.png 43,27,195,236,1
Bird/crane_00256.png 77,21,205,251,1
Bird/crane_00257.png 17,59,222,228,1
Bird/crane_00258.png 47,25,231,214,1
Bird/crane_00259.png 82,59,253,248,1
Bird/crane_00260.png 36,156,189,228,1 52,27,221,122,1
Bird/crane_00261.png 60,21,221,214,1
Bird/crane_00262.png 5,42,254,212,1
Bird/crane_00263.png 18,15,249,224,1
Bird/crane_00264.png 127,40,241,227,1 12,65,133,157,1
Bird/crane_00265.png 70,67,246,156,1
Bird/crane_00266.png 39,14,250,205,1
Bird/crane_00267.png 17,16,254,234,1
Bird/crane_00268.png 140,134,249,237,1 35,20,137,141,1
Bird/crane_00269.png 17,43,169,230,1
Bird/crane_00270.png 189,67,227,101,1 217,94,241,114,1 59,123,162,245,1
Bird/crane_00271.png 126,91,157,119,1 115,77,154,120,1
Bird/crane_00272.png 97,121,151,140,1 91,97,137,120,1
Bird/crane_00273.png 126,70,177,120,1 56,46,117,99,1
Bird/crane_00274.png 127,52,193,100,1 53,47,116,99,1
Bird/crane_00275.png 130,42,198,103,1 46,63,117,107,1
Bird/crane_00276.png 126,63,204,100,1 45,80,109,127,1
Bird/crane_00277.png 129,76,207,104,1 51,78,103,128,1
Bird/crane_00278.png 145,71,200,123,1 54,56,115,103,1
Bird/crane_00279.png 143,64,205,100,1 59,36,120,100,1
Bird/crane_00280.png 142,32,204,98,1 52,49,120,97,1
Bird/crane_00281.png 140,32,213,95,1 52,75,125,104,1
Bird/crane_00282.png 141,49,223,93,1 59,80,126,123,1
Bird/crane_00283.png 67,2,196,148,1
Bird/crane_00284.png 99,129,147,155,1 89,103,133,126,1
Bird/crane_00285.png 151,70,227,120,1 64,84,126,116,1
Bird/crane_00286.png 165,70,220,122,1 66,65,133,110,1
Bird/crane_00287.png 152,52,220,101,1 70,59,138,112,1
Bird/crane_00288.png 147,28,213,101,1 63,75,142,109,1
Bird/crane_00289.png 140,38,218,103,1 66,88,144,124,1
Bird/crane_00290.png 140,60,220,122,1 79,91,133,142,1
Bird/crane_00291.png 154,74,209,138,1 71,81,135,132,1
Bird/crane_00292.png 142,65,206,119,1 64,50,132,116,1
Bird/crane_00293.png 133,37,200,99,1 64,53,134,116,1
Bird/crane_00294.png 129,38,205,103,1 70,70,142,127,1
Bird/crane_00295.png 70,30,209,152,1
Bird/crane_00296.png 102,129,141,156,1 84,116,132,128,1
Bird/crane_00297.png 120,59,210,104,1 80,93,152,153,1
Bird/crane_00298.png 129,81,210,125,1 92,94,150,156,1
Bird/crane_00299.png 142,81,196,136,1 82,73,146,138,1
Bird/crane_00300.png 136,76,205,109,1 80,57,142,126,1
Bird/crane_00301.png 131,50,204,112,1 78,74,155,129,1
Bird/crane_00302.png 120,59,207,113,1 81,103,163,144,1
Bird/crane_00303.png 121,72,211,109,1 90,105,151,157,1
Bird/crane_00304.png 84,103,151,140,1 122,87,207,129,1
Bird/crane_00305.png 132,90,189,144,1 81,81,150,135,1
Bird/crane_00306.png 129,87,200,119,1 74,87,151,138,1
Bird/crane_00307.png 235,46,254,87,1 47,96,217,252,1
Bird/crane_00308.png 101,122,145,143,1 84,117,132,133,1
Bird/crane_00309.png 124,60,197,122,1 67,114,155,138,1
Bird/crane_00310.png 72,124,155,158,1 116,63,202,122,1
Bird/crane_00311.png 81,123,147,170,1 113,81,206,122,1
Bird/crane_00312.png 80,113,156,150,1 115,95,207,132,1
Bird/crane_00313.png 81,91,151,152,1 129,92,196,149,1
Bird/crane_00314.png 79,103,162,150,1 130,82,207,119,1
Bird/crane_00315.png 79,125,171,148,1 136,53,216,119,1
Bird/crane_00316.png 90,116,170,160,1 131,51,222,113,1
Bird/crane_00317.png 130,71,231,110,1 98,115,166,159,1
Bird/crane_00318.png 144,73,230,119,1 101,83,178,135,1
Bird/crane_00319.png 236,31,255,69,1 71,3,223,161,1
Bird/crane_00320.png 85,120,128,139,1 100,110,146,148,1
Bird/crane_00321.png 101,62,183,131,1 155,69,224,123,1
Bird/crane_00322.png 98,80,187,124,1 152,53,237,99,1
Bird/crane_00323.png 100,97,187,141,1 158,25,238,101,1
Bird/crane_00324.png 110,92,180,148,1 148,40,246,98,1
Bird/crane_00325.png 106,82,190,123,1 145,65,249,95,1
Bird/crane_00326.png 152,66,242,121,1 109,59,189,123,1
Bird/crane_00327.png 159,67,234,117,1 102,63,192,127,1
Bird/crane_00328.png 98,96,191,126,1 155,53,244,108,1
Bird/crane_00329.png 112,99,192,155,1 159,30,246,109,1
Bird/crane_00330.png 118,98,196,149,1 154,40,255,106,1
Bird/crane_00331.png 236,22,255,59,1 70,15,220,154,1
Bird/crane_00332.png 98,121,150,146,1 88,121,129,143,1
Bird/crane_00333.png 112,76,202,126,1 152,60,255,109,1
Bird/crane_00334.png 159,63,246,132,1 110,59,198,127,1
Airplane/00002.png 12,61,229,188,2
Airplane/00013.png 41,80,213,166,2
Airplane/00014.png 33,88,221,172,2
Airplane/00015.png 15,54,227,168,2
Airplane/00016.png 31,94,232,178,2
Airplane/00017.png 11,65,232,178,2
Airplane/00018.png 16,64,240,159,2
Airplane/00019.png 13,55,244,145,2
Airplane/00020.png 4,76,123,152,2 132,97,248,150,2
Airplane/00021.png 14,71,237,189,2
Airplane/00022.png 17,48,238,171,2
Airplane/00023.png 18,53,236,194,2
Airplane/00024.png 17,149,47,163,2 10,80,248,162,2
Airplane/00025.png 23,54,240,173,2
Airplane/00026.png 12,68,245,158,2
Airplane/00027.png 9,46,242,164,2
Airplane/00028.png 14,29,237,173,2
Airplane/00029.png 16,60,230,154,2
Airplane/00030.png 15,75,251,165,2
Airplane/00031.png 19,66,246,148,2
Airplane/00032.png 21,63,245,164,2
Airplane/00033.png 3,35,231,182,2
Airplane/00034.png 23,73,245,149,2
Airplane/00035.png 24,83,243,164,2
Airplane/00036.png 17,42,232,177,2
Airplane/00037.png 14,42,244,170,2
Airplane/00038.png 8,50,247,153,2
Airplane/00039.png 19,79,244,180,2
Airplane/00040.png 15,82,246,168,2
Airplane/00041.png 14,55,247,156,2
Airplane/00042.png 20,39,237,182,2
Airplane/00043.png 9,34,249,174,2
Airplane/00044.png 11,71,244,192,2
Airplane/00045.png 15,90,174,154,2
Airplane/00047.png 10,56,246,170,2
Airplane/00048.png 8,52,248,158,2
Airplane/00049.png 14,39,252,184,2
Airplane/00050.png 32,66,223,122,2
Airplane/00051.png 9,49,249,173,2
Airplane/00052.png 17,51,244,168,2
Airplane/00053.png 15,68,249,183,2
Airplane/00054.png 12,66,247,176,2
Airplane/00055.png 9,56,238,169,2
Airplane/00056.png 0,48,237,202,2
Airplane/00057.png 7,68,250,172,2
Airplane/00059.png 13,22,242,193,2
Airplane/00060.png 13,47,240,164,2
Airplane/00061.png 15,30,246,192,2
Airplane/00062.png 26,44,242,168,2
Airplane/00063.png 9,64,242,159,2
Airplane/00064.png 9,58,248,151,2
Airplane/00065.png 15,46,242,173,2
Airplane/00066.png 0,121,64,173,2 14,44,248,170,2
Airplane/00067.png 15,51,237,171,2
Airplane/00068.png 25,85,237,161,2
Airplane/00069.png 7,69,250,176,2
Airplane/00070.png 16,92,243,178,2
Airplane/00071.png 6,54,248,166,2
Airplane/00072.png 19,65,242,163,2
Airplane/00073.png 9,43,244,169,2
Airplane/00074.png 24,92,241,198,2
Airplane/00075.png 7,62,247,155,2
Airplane/00076.png 14,47,249,159,2
Airplane/00077.png 40,71,74,93,2 12,46,252,170,2
Airplane/00078.png 14,40,247,163,2
Airplane/00079.png 14,46,244,178,2
Airplane/00080.png 9,41,250,183,2
Airplane/00081.png 14,81,247,165,2
Airplane/00082.png 57,49,169,95,2 8,37,250,152,2
Airplane/00083.png 9,60,252,167,2
Airplane/00084.png 19,81,239,174,2
Airplane/00085.png 18,71,238,170,2
Airplane/00086.png 14,58,241,186,2
Airplane/00087.png 22,65,242,193,2
Airplane/00088.png 13,45,244,175,2
Airplane/00089.png 17,57,242,185,2
Airplane/00091.png 0,36,230,146,2 189,31,217,45,2
Airplane/00092.png 25,63,235,188,2
Airplane/00093.png 19,45,238,163,2
Airplane/00094.png 7,45,247,140,2
Airplane/00095.png 14,51,239,163,2
Airplane/00096.png 80,44,208,121,2 22,73,241,175,2
Airplane/00097.png 17,63,250,181,2
Airplane/00098.png 201,65,256,111,2 15,47,253,160,2
Airplane/00099.png 15,67,242,163,2
Airplane/00100.png 13,63,248,186,2
Airplane/00101.png 13,41,248,173,2
Airplane/00102.png 16,21,237,172,2
Airplane/00103.png 22,46,242,180,2
Airplane/00104.png 20,16,242,199,2
Airplane/00105.png 10,49,245,175,2
Airplane/00106.png 118,40,189,88,2 11,83,238,171,2 121,39,255,92,2 46,43,130,87,2
Airplane/00107.png 24,47,240,171,2
Airplane/00108.png 15,81,233,204,2
Airplane/00109.png 0,111,33,138,2 15,67,240,186,2
Airplane/00110.png 9,50,245,154,2
Airplane/00111.png 8,44,247,164,2
Airplane/00112.png 2,45,256,170,2
Airplane/00114.png 15,70,236,151,2
Airplane/00115.png 35,75,223,168,2
Airplane/00116.png 25,49,241,141,2
Airplane/00117.png 10,84,239,173,2
Airplane/00118.png 13,56,231,173,2
Airplane/00119.png 19,49,244,169,2
Airplane/00120.png 24,64,238,165,2
Airplane/00122.png 10,36,246,154,2
Airplane/00123.png 13,50,243,154,2
Airplane/00124.png 10,54,248,148,2
Airplane/00125.png 15,38,243,168,2
Airplane/00126.png 17,82,239,168,2
Airplane/00127.png 4,85,141,153,2 150,97,252,150,2
Airplane/00128.png 20,78,229,178,2
Airplane/00129.png 14,60,241,183,2
Airplane/00134.png 7,58,241,170,2
Airplane/00135.png 14,45,244,161,2
Airplane/00136.png 18,50,235,140,2
Airplane/00137.png 10,58,239,165,2
Airplane/00138.png 16,54,236,149,2
Airplane/00139.png 15,54,244,163,2
Airplane/00140.png 14,23,249,165,2
Airplane/00141.png 11,30,247,184,2
Airplane/00142.png 9,59,220,193,2
Airplane/00143.png 17,44,242,171,2
Airplane/00144.png 10,33,241,172,2
Airplane/00145.png 230,47,256,58,2 10,75,251,170,2
Airplane/00146.png 20,46,240,166,2
Airplane/00147.png 8,39,248,167,2
Airplane/00148.png 13,65,244,191,2
Airplane/00149.png 15,50,234,165,2
Airplane/00150.png 12,68,247,170,2
Airplane/00151.png 22,93,238,173,2
Airplane/00152.png 12,42,249,174,2
Airplane/00153.png 12,78,243,174,2
Airplane/00154.png 12,72,242,173,2
Airplane/00155.png 0,125,21,161,2 11,52,242,168,2
Airplane/00156.png 4,18,240,245,2
Airplane/00157.png 17,37,247,173,2
Airplane/00158.png 21,47,242,159,2
Airplane/00159.png 14,49,241,162,2
Airplane/00160.png 13,34,242,180,2
Airplane/00161.png 4,60,247,164,2
Airplane/00162.png 7,55,226,164,2
Airplane/00163.png 11,35,239,182,2
Airplane/00164.png 16,57,245,163,2
Airplane/00165.png 12,62,246,180,2
Airplane/00166.png 13,61,248,168,2
Airplane/00167.png 7,71,250,170,2
Airplane/00168.png 0,63,23,107,2 54,30,91,47,2 9,55,223,158,2
Airplane/00169.png 9,42,237,175,2
Airplane/00170.png 18,68,243,160,2
Airplane/00171.png 15,65,244,165,2
Airplane/00172.png 17,69,235,173,2
Airplane/00174.png 14,64,237,202,2
Airplane/00175.png 105,95,199,134,2 4,75,227,183,2
Airplane/00176.png 11,65,244,158,2
Airplane/00177.png 8,56,252,160,2
Airplane/00178.png 22,53,240,171,2
Airplane/00179.png 123,0,166,7,2 72,0,109,6,2 19,44,242,177,2
Airplane/00180.png 11,85,240,175,2
Airplane/00181.png 24,60,225,150,2
Airplane/00182.png 49,95,207,176,2
Airplane/00183.png 82,83,128,102,2 13,49,249,168,2
Airplane/00184.png 0,41,242,166,2
Airplane/00185.png 10,79,240,179,2
Airplane/00186.png 24,36,242,181,2
Airplane/00187.png 24,57,234,174,2
Airplane/00188.png 14,41,245,146,2
Airplane/00189.png 14,55,242,171,2
Airplane/00190.png 7,80,240,166,2
Airplane/00191.png 23,42,244,145,2
Airplane/00192.png 48,50,210,101,2 12,51,247,162,2
Airplane/00193.png 15,44,244,173,2
Airplane/00194.png 31,45,247,165,2
Airplane/00195.png 19,59,241,154,2
Airplane/00196.png 12,57,246,187,2
Airplane/00198.png 30,68,237,135,2
Airplane/00199.png 25,72,239,176,2
Airplane/00201.png 15,68,233,161,2
Airplane/00202.png 22,90,241,163,2
Airplane/00203.png 18,51,247,159,2
Airplane/00204.png 23,55,237,190,2
Airplane/00205.png 28,74,226,194,2
Airplane/00206.png 13,47,247,180,2
Airplane/00207.png 15,36,240,169,2
Airplane/00208.png 7,47,247,173,2
Airplane/00209.png 19,77,246,172,2
Airplane/00210.png 17,65,244,175,2
Airplane/00211.png 12,50,254,173,2
Airplane/00212.png 194,109,254,188,2 14,55,246,174,2
Airplane/00213.png 10,67,245,164,2
Airplane/00214.png 19,32,241,168,2
Airplane/00215.png 13,77,246,186,2
Airplane/00216.png 13,53,241,172,2
Airplane/00217.png 15,33,252,212,2
Airplane/00218.png 2,148,31,162,2 14,71,246,169,2
Airplane/00219.png 12,54,242,167,2
Airplane/00220.png 15,33,239,193,2
Airplane/00221.png 0,41,235,172,2
Airplane/00222.png 14,45,97,83,2 169,30,252,94,2 15,53,237,190,2
Airplane/00223.png 20,42,245,174,2