00001.png;144;142;76;75;3
00002.png;8;52;227;178;3
00003.png;31;20;146;155;3
00004.png;25;40;152;139;3
00005.png;94;74;100;117;3
00006.png;112;78;98;86;3
00007.png;199;115;39;83;3
00008.png;200;172;37;51;3
00009.png;42;51;139;137;3
00010.png;3;26;236;162;3
00011.png;45;47;142;137;3
00012.png;11;17;219;165;3
00013.png;22;61;167;128;3
00014.png;98;91;104;107;3
00015.png;176;168;53;58;3
00016.png;8;18;173;183;3
00017.png;20;85;217;114;3
00018.png;56;15;172;200;3
00019.png;195;203;42;31;3
00020.png;6;24;217;158;3
00021.png;103;76;117;118;3
00022.png;117;161;90;62;3
00023.png;161;124;60;79;3
00024.png;28;54;167;129;3
00025.png;143;196;69;38;3
00026.png;215;182;30;48;3
00027.png;123;22;90;158;3
00028.png;36;59;162;132;3
00029.png;118;92;90;104;3
00030.png;161;161;58;61;3
00031.png;11;56;201;133;3
00032.png;57;87;133;114;3
00033.png;56;25;198;150;3
00034.png;121;119;92;89;3
00035.png;29;31;170;187;3
00036.png;96;167;91;55;3
00037.png;11;29;230;171;3
00038.png;149;49;72;126;3
00039.png;207;129;31;77;3
00040.png;163;136;53;76;3
00041.png;40;42;148;139;3
00042.png;3;3;205;233;3
00043.png;59;28;169;149;3
00044.png;40;56;145;129;3
00045.png;222;218;19;20;3
00046.png;17;74;158;117;3
00047.png;171;168;47;52;3
00048.png;116;64;89;118;3
00049.png;153;72;69;106;3
00050.png;78;93;118;103;3
00051.png;10;18;175;163;3
00052.png;43;73;136;120;3
00053.png;143;75;76;115;3
00054.png;12;40;216;143;3
00055.png;165;133;52;73;3
00056.png;114;146;90;70;3
00057.png;183;158;40;52;3
00058.png;156;190;65;42;3
00059.png;81;91;117;104;3
00060.png;16;39;164;139;3
00061.png;45;38;142;139;3
00062.png;1;28;250;208;3
00063.png;75;101;106;93;3
00064.png;105;50;100;130;3
00065.png;5;22;229;188;3
00066.png;30;28;148;152;3
00067.png;6;15;165;160;3
00068.png;14;31;220;148;3
00069.png;106;85;96;113;3
00070.png;55;33;133;146;3
00071.png;57;32;147;148;3
00072.png;144;169;68;37;3
00073.png;34;11;167;215;3
00074.png;3;36;248;153;3
00075.png;25;28;154;150;3
00076.png;22;24;154;149;3
00077.png;1;3;233;212;3
00078.png;49;32;169;187;3
00079.png;123;92;104;118;3
00080.png;61;95;130;101;3
00081.png;21;29;234;206;3
00082.png;42;7;143;163;3
00083.png;45;55;141;135;3
00084.png;114;50;92;109;3
00085.png;19;8;204;228;3
00086.png;28;32;185;174;3
00087.png;77;70;124;120;3
00088.png;16;4;213;241;3
00089.png;66;38;124;145;3
00090.png;153;150;66;69;3
00091.png;150;118;69;86;3
00092.png;84;124;103;82;3
00093.png;14;8;220;244;3
00094.png;31;22;166;150;3
00095.png;134;116;73;90;3
00096.png;94;91;107;97;3
00097.png;135;136;74;79;3
00098.png;24;47;155;139;3
00099.png;94;154;104;66;3
00100.png;98;55;110;131;3
00101.png;27;50;145;130;3
00102.png;123;152;85;64;3
00103.png;99;17;100;163;3
00104.png;107;70;96;121;3
00105.png;151;89;66;103;3
00106.png;6;6;222;232;3
00107.png;10;8;227;184;3
00108.png;26;66;181;141;3
00109.png;17;37;213;159;3
00110.png;162;88;58;98;3
00111.png;16;47;210;141;3
00112.png;32;64;153;122;3
00113.png;51;54;136;131;3
00114.png;42;30;190;177;3
00115.png;3;6;183;216;3
00116.png;184;14;41;154;3
00117.png;116;56;96;129;3
00118.png;170;102;55;97;3
00119.png;143;104;74;96;3
00120.png;138;135;64;78;3
00121.png;1;135;44;75;3
00121.png;211;133;44;73;3
00122.png;1;135;211;85;3
00123.png;30;85;150;109;3
00124.png;3;21;166;155;3
00124.png;210;64;41;27;2
00125.png;2;52;170;131;3
00126.png;171;198;45;33;3
00127.png;68;72;134;119;3
00128.png;25;15;200;176;3
00129.png;11;7;226;228;3
00130.png;35;36;164;143;3
00131.png;22;34;227;148;3
00132.png;58;31;133;163;3
00133.png;128;80;79;114;3
00134.png;17;57;182;129;3
00135.png;28;32;164;146;3
00136.png;60;35;184;149;3
00137.png;4;50;168;130;3
00138.png;109;89;96;107;3
00139.png;9;14;239;190;3
00140.png;22;11;197;165;3
00141.png;101;131;103;76;3
00142.png;89;73;104;111;3
00143.png;133;89;76;109;3
00144.png;8;19;232;197;3
00145.png;22;45;191;134;3
00146.png;70;71;129;120;3
00147.png;187;197;41;36;3
00148.png;24;3;156;187;3
00149.png;119;85;90;104;3
00150.png;29;9;161;170;3
00151.png;59;106;139;94;3
00152.png;33;53;153;128;3
00153.png;3;10;211;204;3
00154.png;157;142;66;65;3
00155.png;3;3;252;253;3
00156.png;18;32;206;176;3
00157.png;96;66;107;127;3
00158.png;19;61;160;130;3
00159.png;31;14;176;164;3
00160.png;28;79;188;112;3
00161.png;166;193;54;39;3
00162.png;69;56;138;145;3
00163.png;30;49;198;148;3
00164.png;2;53;220;180;3
00165.png;14;38;236;142;3
00166.png;4;19;219;153;3
00167.png;54;56;150;128;3
00168.png;106;109;95;83;3
00169.png;86;129;108;68;3
00170.png;156;201;59;29;3
00171.png;19;13;213;179;3
00172.png;11;13;233;220;3
00173.png;4;11;169;158;3
00174.png;115;50;108;130;3
00175.png;18;34;189;174;3
00176.png;18;22;223;170;3
00177.png;16;89;167;106;3
00178.png;29;33;211;149;3
00179.png;77;27;118;153;3
00180.png;29;35;160;152;3
00181.png;5;79;190;111;3
00182.png;4;36;250;187;3
00183.png;20;42;226;175;3
00184.png;75;11;152;158;3
00185.png;87;19;167;178;3
00185.png;1;61;83;75;2
00186.png;6;13;231;216;3
00187.png;10;32;207;151;3
00188.png;1;40;199;143;3
00189.png;18;3;217;234;3
00190.png;105;24;108;142;3
00191.png;22;45;155;133;3
00192.png;48;38;148;141;3
00193.png;27;5;200;223;3
00194.png;24;20;174;150;3
00195.png;88;29;110;144;3
00196.png;1;31;254;181;3
00197.png;123;73;118;114;3
00198.png;2;4;205;171;3
00199.png;9;51;239;198;3
00200.png;56;45;142;137;3
00201.png;24;12;192;223;3
00202.png;11;4;222;247;3
00203.png;82;21;163;156;3
00204.png;18;38;176;143;3
00205.png;4;10;220;229;3
00206.png;33;49;180;156;3
00207.png;73;22;134;149;3
00207.png;170;161;53;48;3
00208.png;1;99;161;90;3
00209.png;31;2;125;147;3
00209.png;155;133;65;71;3
00210.png;26;65;153;122;3
00211.png;4;21;214;166;3
00212.png;40;33;154;145;3
00213.png;8;44;220;138;3
00214.png;106;89;98;113;3
00215.png;26;28;194;163;3
00216.png;152;92;71;106;3
00216.png;219;3;36;66;3
00217.png;171;42;55;138;3
00217.png;236;22;18;38;3
00217.png;116;218;23;37;3
00218.png;147;130;60;126;3
00218.png;218;80;27;102;3
00219.png;12;32;227;157;3
00220.png;17;4;238;251;3
00221.png;71;77;172;118;3
00221.png;2;196;93;60;3
00222.png;30;51;161;137;3
00223.png;2;85;35;27;3
00223.png;26;141;154;90;3
00223.png;152;45;102;96;3
00224.png;33;187;139;45;3
00225.png;5;3;242;218;3
00226.png;17;23;191;178;3
00227.png;22;15;185;204;3
00228.png;8;50;167;125;3
00229.png;116;15;87;155;3
00230.png;129;40;116;136;3
00231.png;17;19;213;191;3
00232.png;20;37;213;188;3
00233.png;164;65;69;121;3
00234.png;45;67;158;102;3
00235.png;24;54;199;131;3
00236.png;32;32;151;142;3
00237.png;6;17;241;204;3
00238.png;50;14;177;169;3
00239.png;186;98;58;99;3
00240.png;5;36;237;168;3
00241.png;52;1;199;168;3
00242.png;162;69;61;120;3
00243.png;21;82;156;114;3
00244.png;128;64;126;172;3
00245.png;51;33;167;155;3
00246.png;6;16;224;209;3
00247.png;129;96;78;80;3
00248.png;112;83;120;106;3
00249.png;7;25;178;150;3
00250.png;21;42;185;138;3
00251.png;156;124;66;78;3
00252.png;8;42;223;143;3
00253.png;36;18;151;181;3
00254.png;5;3;233;231;3
00255.png;25;37;188;146;3
00256.png;5;35;218;139;3
00257.png;28;34;192;176;3
00258.png;67;2;124;163;3
00259.png;7;2;239;241;3
00260.png;99;103;115;94;3
00261.png;39;28;150;141;3
00262.png;69;29;165;150;3
00263.png;100;157;115;84;3
00264.png;35;121;142;88;3
00265.png;107;35;101;136;3
00266.png;199;125;32;73;3
00267.png;122;219;89;20;3
00268.png;159;141;58;69;3
00269.png;169;116;52;86;3
00270.png;192;148;45;54;3
00271.png;170;148;59;68;3
00272.png;183;207;49;29;3
00273.png;89;124;130;87;3
00274.png;22;35;171;143;3
00275.png;151;176;65;50;3
00276.png;25;66;153;122;3
00277.png;214;221;27;19;3
00278.png;27;19;189;154;3
00279.png;93;115;125;87;3
00280.png;27;8;218;163;3
00281.png;109;160;143;63;3
00282.png;124;176;99;50;3
00283.png;36;38;177;152;3
00284.png;8;10;239;191;3
00285.png;34;16;154;214;3
00286.png;51;28;139;151;3
00287.png;3;28;170;139;3
00288.png;59;39;131;141;3
00289.png;21;3;233;227;3
00290.png;23;24;152;142;3
00291.png;63;89;141;94;3
00292.png;34;55;148;130;3
00293.png;12;62;160;134;3
00294.png;1;28;254;201;3
00295.png;159;122;71;84;3
00296.png;8;78;130;96;3
00296.png;57;21;155;128;3
00297.png;13;23;213;157;3
00298.png;53;35;184;163;3
00299.png;38;17;148;70;3
00300.png;101;35;127;145;3
00301.png;14;3;240;183;3
00302.png;42;64;140;121;3
00303.png;18;44;231;163;3
00304.png;18;60;219;128;3
00305.png;3;2;253;253;3
00306.png;9;36;169;142;3
00307.png;92;196;92;30;3
00308.png;3;37;222;143;3
00309.png;80;38;174;142;3
00310.png;2;40;226;143;3
00311.png;107;31;100;149;3
00312.png;46;11;132;143;3
00313.png;3;25;250;165;3
00314.png;9;57;216;126;3
00315.png;26;50;187;136;3
00316.png;73;22;174;159;3
00317.png;73;27;123;149;3
00318.png;24;25;201;185;3
00319.png;86;78;145;118;3
00320.png;62;93;129;119;3
00321.png;3;2;216;208;3
00322.png;21;121;157;87;3
00323.png;135;19;76;152;3
00324.png;1;42;138;68;3
00324.png;82;144;127;75;3
00325.png;51;18;204;157;3
00326.png;5;15;233;233;3
00327.png;2;26;191;157;3
00328.png;3;8;208;207;3
00329.png;2;2;250;170;3
00330.png;119;47;92;139;3
00331.png;40;42;176;139;3
00332.png;32;29;148;148;3
00333.png;91;12;124;159;3
00334.png;111;13;98;164;3
00335.png;13;19;233;196;3
00336.png;18;7;199;162;3
00336.png;30;222;183;33;3
00337.png;11;117;223;123;3
00338.png;12;6;220;164;3
00339.png;17;103;197;133;3
00339.png;44;2;165;43;3
00340.png;8;11;242;230;3
00341.png;7;29;227;148;3
00342.png;17;42;156;137;3
00343.png;25;66;165;124;3
00344.png;21;3;200;235;3
00345.png;14;46;159;132;3
00346.png;3;9;222;218;3
00347.png;38;53;213;122;3
00348.png;17;15;195;212;3
00349.png;19;25;189;172;3
00350.png;40;3;155;183;3
00351.png;4;3;218;243;3
00352.png;1;19;254;199;3
00353.png;26;42;215;150;3
00354.png;17;7;231;213;3
00355.png;93;87;107;112;3
00356.png;53;23;146;155;3
00357.png;163;127;59;82;3
00358.png;37;56;166;131;3
00359.png;30;71;159;118;3
00360.png;2;10;229;199;3
00361.png;15;20;204;202;3
00362.png;15;12;240;160;3
00363.png;25;1;196;168;3
00364.png;53;76;153;122;3
00365.png;14;35;228;150;3
00366.png;107;54;105;131;3
00367.png;35;68;183;155;3
00368.png;11;16;224;208;3
00369.png;54;35;151;170;3
00370.png;25;36;154;145;3
00371.png;117;133;102;83;3
00372.png;3;6;250;227;3
00373.png;29;64;169;130;3
00374.png;58;97;132;99;3
00375.png;211;193;27;35;3
00376.png;20;43;157;125;3
00377.png;91;45;162;150;3
00378.png;1;49;196;158;3
00378.png;231;54;24;119;3
00379.png;1;60;93;139;3
00379.png;127;29;114;180;3
00380.png;53;16;203;160;3
00381.png;68;21;122;163;3
00382.png;52;24;162;163;3
00383.png;47;39;199;155;3
00384.png;43;15;139;191;3
00385.png;4;14;240;190;3
00386.png;99;95;90;107;3
00387.png;12;8;240;215;3
00388.png;31;40;151;143;3
00388.png;214;129;41;26;2
00389.png;141;2;78;172;3
00390.png;91;71;113;123;3
00391.png;8;26;166;149;3
00392.png;178;126;47;75;3
00393.png;14;38;224;159;3
00394.png;198;120;37;93;3
00395.png;3;11;244;170;3
00396.png;23;1;179;178;3
00397.png;3;73;55;143;3
00397.png;59;31;189;149;3
00398.png;2;47;207;135;3
00398.png;209;28;45;33;3
00399.png;186;36;46;130;3
00400.png;124;170;89;47;3
00401.png;117;27;114;145;3
00402.png;5;35;239;153;3
00403.png;10;59;184;130;3
00404.png;3;35;234;145;3
00405.png;12;8;152;163;3
00406.png;20;67;198;122;3
00407.png;20;20;198;153;3
00408.png;51;89;150;111;3
00409.png;121;94;89;108;3
00410.png;80;9;159;163;3
00411.png;2;4;233;213;3
00412.png;19;17;201;204;3
00413.png;1;28;197;203;3
00414.png;11;43;176;143;3
00415.png;12;32;240;150;3
00416.png;92;101;107;107;3
00417.png;15;32;217;163;3
00418.png;105;20;103;151;3
00419.png;33;36;208;150;3
00420.png;45;64;180;128;3
00421.png;29;42;156;143;3
00422.png;8;38;215;153;3
00423.png;18;67;163;124;3
00424.png;21;22;172;171;3
00425.png;13;15;203;206;3
00426.png;22;31;191;159;3
00427.png;98;25;112;152;3
00428.png;1;10;239;230;3
00429.png;85;26;114;147;3
00430.png;7;40;223;158;3
00431.png;12;14;231;201;3
00432.png;1;17;253;159;3
00433.png;73;6;167;222;3
00434.png;14;15;182;215;3
00435.png;3;40;252;164;3
00436.png;80;49;131;138;3
00437.png;12;76;217;120;3
00438.png;26;46;166;139;3
00439.png;38;5;157;166;3
00440.png;2;107;177;99;3
00441.png;64;107;129;101;3
00442.png;111;121;93;83;3
00443.png;39;29;146;146;3
00444.png;59;81;131;115;3
00445.png;1;9;184;164;3
00446.png;141;77;73;119;3
00447.png;17;21;210;206;3
00448.png;15;19;212;181;3
00449.png;21;55;163;136;3
00450.png;5;5;230;208;3
00451.png;3;50;195;138;3
00452.png;32;19;163;163;3
00453.png;42;67;143;121;3
00454.png;40;14;199;196;3
00455.png;32;32;149;152;3
00456.png;87;182;109;48;3
00457.png;4;64;239;139;3
00458.png;13;34;232;201;3
00459.png;29;15;152;163;3
00460.png;21;29;172;161;3
00461.png;9;52;223;152;3
00462.png;32;106;158;101;3
00463.png;47;56;146;135;3
00464.png;149;65;81;125;3
00465.png;28;67;169;132;3
00466.png;17;17;208;178;3
00467.png;4;14;223;209;3
00468.png;144;77;66;115;3
00469.png;94;21;108;151;3
00470.png;140;133;74;78;3
00471.png;57;89;181;140;3
00472.png;35;33;182;205;3
00473.png;35;66;197;124;3
00474.png;31;31;206;177;3
00475.png;72;22;159;195;3
00476.png;62;89;129;108;3
00477.png;26;38;177;152;3
00478.png;197;165;38;51;3
00479.png;8;51;225;137;3
00480.png;82;79;118;118;3
00481.png;142;73;78;115;3
00482.png;46;3;194;193;3
00483.png;3;2;205;205;3
00484.png;3;21;192;169;3
00485.png;29;28;213;174;3
00486.png;33;22;181;188;3
00487.png;31;4;164;242;3
00488.png;111;120;89;88;3
00489.png;60;4;169;195;3
00490.png;10;56;224;132;3
00491.png;38;50;144;135;3
00492.png;33;28;153;183;3
00493.png;59;41;132;141;3
00494.png;3;12;211;205;3
00495.png;36;14;146;165;3
00496.png;13;35;171;147;3
00497.png;73;59;121;127;3
00498.png;31;40;166;141;3
00499.png;27;3;222;211;3
00500.png;38;36;183;160;3
00501.png;163;112;57;96;3
00502.png;23;36;195;163;3
00503.png;35;24;159;155;3
00504.png;206;19;31;141;3
00505.png;35;50;173;137;3
00506.png;28;10;152;159;3
00507.png;29;7;153;200;3
00508.png;63;2;182;166;3
00509.png;18;31;191;162;3
00510.png;76;141;124;75;3
00511.png;140;161;76;62;3
00511.png;2;116;55;71;3
00512.png;60;70;133;124;3
00513.png;14;3;220;166;3
00514.png;2;38;223;202;3
00515.png;36;25;169;150;3
00516.png;3;11;237;227;3
00517.png;2;1;250;224;3
00518.png;3;26;215;153;3
00519.png;2;29;194;190;3
00520.png;139;99;90;99;3
00521.png;10;26;169;151;3
00522.png;19;10;204;223;3
00523.png;109;131;99;80;3
00524.png;64;46;148;164;3
00525.png;23;37;160;151;3
00526.png;1;16;250;228;3
00527.png;23;21;192;156;3
00528.png;4;3;249;253;3
00529.png;3;31;230;195;3
00530.png;3;26;239;187;3
00531.png;19;49;160;135;3
00532.png;19;11;236;244;3
00533.png;53;42;159;145;3
00534.png;112;36;96;145;3
00535.png;50;50;157;137;3
00536.png;95;105;104;99;3
00537.png;110;102;93;101;3
00538.png;3;13;236;213;3
00539.png;3;17;236;170;3
00540.png;20;28;207;165;3
00541.png;1;12;243;230;3
00542.png;105;140;97;79;3
00543.png;32;8;149;164;3
00544.png;189;91;43;99;3
00545.png;71;106;127;99;3
00546.png;3;22;231;216;3
00547.png;19;35;221;156;3
00548.png;150;112;62;90;3
00549.png;32;27;148;153;3
00550.png;1;67;55;99;3
00550.png;50;1;205;170;3
00550.png;152;189;101;67;3
00551.png;91;2;164;59;3
00551.png;105;75;149;119;3
00552.png;16;46;158;143;3
00552.png;169;1;86;74;3
00553.png;35;8;169;166;3
00554.png;57;116;124;89;3
00555.png;179;38;76;103;3
00555.png;1;89;66;107;3
00555.png;123;178;87;72;3
00556.png;77;236;76;20;3
00556.png;126;100;86;103;3
00556.png;2;2;58;38;3
00556.png;1;162;20;83;3
00557.png;171;110;55;96;3
00557.png;47;148;77;107;3
00558.png;165;10;57;73;3
00558.png;31;38;81;103;3
00558.png;200;179;45;62;3
00558.png;1;175;56;74;3
00559.png;137;89;76;102;3
00560.png;138;92;76;108;3
00561.png;50;12;142;163;3
00562.png;32;4;208;183;3
00563.png;38;59;155;129;3
00564.png;26;22;181;222;3
00565.png;25;2;230;182;3
00566.png;113;40;92;146;3
00567.png;2;47;253;184;3
00568.png;30;36;169;146;3
00569.png;5;18;247;190;3
00570.png;100;75;117;120;3
00571.png;106;205;94;31;3
00572.png;38;37;144;144;3
00573.png;15;47;201;152;3
00574.png;2;3;226;185;3
00575.png;3;43;197;159;3
00576.png;32;73;163;121;3
00577.png;8;25;240;163;3
00578.png;7;6;235;220;3
00579.png;12;49;160;132;3
00580.png;102;70;100;116;3
00581.png;1;12;239;215;3
00582.png;10;50;229;134;3
00583.png;21;15;209;216;3
00584.png;3;49;209;145;3
00585.png;1;22;250;159;3
00586.png;-1;-1;-1;-1;-1
00587.png;69;106;124;93;3
00588.png;40;94;141;105;3
00589.png;95;21;106;157;3
00590.png;78;3;118;167;3
00591.png;2;28;234;198;3
00592.png;6;35;209;220;3
00593.png;25;38;167;217;3
00594.png;18;53;160;132;3
00595.png;170;64;57;137;3
00596.png;63;5;185;169;3
00597.png;6;26;233;175;3
00598.png;30;102;194;100;3
00599.png;3;63;176;122;3
00600.png;1;1;89;78;3
00600.png;96;112;126;90;3
00601.png;7;12;224;204;3
00602.png;145;30;72;146;3
00603.png;8;24;180;169;3
00604.png;9;59;205;129;3
00605.png;5;3;242;235;3
00606.png;3;31;248;150;3
00607.png;149;76;100;123;3
00608.png;1;92;171;107;3
00609.png;165;189;61;43;3
00610.png;75;50;134;135;3
00611.png;8;44;236;143;3
00612.png;2;43;195;200;3
00613.png;2;43;246;183;3
00614.png;66;3;159;171;3
00615.png;113;106;94;102;3
00615.png;25;229;50;27;3
00616.png;216;67;40;36;3
00616.png;93;160;106;65;3
00617.png;17;7;210;171;3
00618.png;57;69;143;124;3
00619.png;9;32;233;180;3
00620.png;2;3;248;191;3
00621.png;3;26;175;153;3
00622.png;105;131;105;86;3
00623.png;22;59;153;138;3
00624.png;101;29;118;152;3
00625.png;31;6;206;239;3
00626.png;70;24;125;150;3
00627.png;50;42;146;141;3
00628.png;7;2;247;236;3
00629.png;149;15;73;157;3
00630.png;2;38;251;148;3
00631.png;4;42;205;199;3
00632.png;39;52;150;126;3
00633.png;6;74;225;114;3
00634.png;21;21;164;204;3
00635.png;3;49;191;190;3
00636.png;3;16;252;162;3
00637.png;95;119;107;82;3
00638.png;15;52;198;152;3
00639.png;21;30;233;184;3
00640.png;24;36;186;194;3
00641.png;39;21;155;153;3
00642.png;14;24;224;199;3
00643.png;63;43;141;139;3
00644.png;18;10;176;166;3
00645.png;10;10;246;201;3
00646.png;24;21;164;159;3
00647.png;53;7;135;165;3
00648.png;3;45;230;127;3
00649.png;100;60;104;125;3
00650.png;26;3;177;194;3
00651.png;7;9;168;167;3
00652.png;45;46;139;143;3
00653.png;42;28;148;152;3
00654.png;4;3;171;173;3
00655.png;39;24;169;106;3
00656.png;5;32;225;159;3
00657.png;77;92;124;107;3
00658.png;5;30;222;155;3
00659.png;18;79;205;117;3
00660.png;22;28;199;149;3
00661.png;25;92;154;108;3
00662.png;18;35;209;149;3
00663.png;6;43;211;146;3
00664.png;55;35;176;148;3
00665.png;77;103;105;87;3
00666.png;15;15;207;240;3
00667.png;1;3;174;209;3
00668.png;1;50;179;135;3
00669.png;75;69;133;123;3
00670.png;12;46;174;135;3
00671.png;10;2;239;167;3
00672.png;27;32;176;146;3
00673.png;2;17;253;156;3
00674.png;71;23;137;149;3
00675.png;141;146;67;72;3
00676.png;78;40;136;146;3
00677.png;52;59;170;131;3
00678.png;30;18;149;157;3
00679.png;26;31;215;146;3
00680.png;41;53;141;133;3
00681.png;15;65;179;156;3
00682.png;13;28;180;148;3
00683.png;45;47;157;133;3
00684.png;67;66;163;122;3
00685.png;1;40;179;145;3
00686.png;36;65;163;124;3
00687.png;40;43;152;142;3
00688.png;24;52;178;144;3
00689.png;35;2;150;181;3
00690.png;2;42;209;139;3
00691.png;45;14;185;162;3
00692.png;9;54;179;137;3
00693.png;60;59;128;126;3
00694.png;87;57;108;141;3
00695.png;35;60;154;120;3
00696.png;78;37;124;135;3
00697.png;82;31;117;154;3
00698.png;3;40;226;147;3
00699.png;10;63;225;130;3
00700.png;0;26;203;159;3
00701.png;83;43;114;135;3
00702.png;5;35;229;148;3
00703.png;21;64;180;122;3
00704.png;45;7;176;161;3
00705.png;45;53;141;133;3
00706.png;4;15;234;177;3
00707.png;3;66;183;139;3
00708.png;5;46;176;185;3
00709.png;70;35;186;145;3
00710.png;18;49;207;138;3
00711.png;34;69;163;122;3
00712.png;22;15;162;156;3
00713.png;104;49;128;123;3
00714.png;51;15;141;155;3
00715.png;26;84;196;107;3
00716.png;58;95;127;101;3
00717.png;98;105;95;93;3
00718.png;53;70;134;121;3
00719.png;45;33;155;145;3
00720.png;45;21;143;153;3
00721.png;69;89;124;104;3
00722.png;15;11;174;157;3
00723.png;66;82;146;107;3
00724.png;33;43;186;136;3
00725.png;82;121;118;131;3
00726.png;30;50;159;144;3
00727.png;49;17;143;157;3
00728.png;4;15;166;160;3
00729.png;38;27;155;149;3
00730.png;3;27;185;149;3
00731.png;45;63;138;117;3
00732.png;39;30;183;151;3
00733.png;53;61;148;126;3
00734.png;50;55;139;134;3
00735.png;85;69;127;130;3
00736.png;55;72;131;118;3
00737.png;25;31;222;185;3
00738.png;12;27;161;150;3
00739.png;124;67;83;122;3
00740.png;90;65;122;122;3
00741.png;21;24;195;149;3
00742.png;51;35;142;148;3
00743.png;98;37;106;138;3
00744.png;31;19;176;157;3
00745.png;38;14;166;156;3
00746.png;5;49;168;134;3
00747.png;42;64;136;122;3
00748.png;14;45;162;141;3
00749.png;17;39;239;171;3
00750.png;27;19;148;153;3
00751.png;138;53;73;126;3
00752.png;80;46;143;139;3
00753.png;91;156;97;60;3
00754.png;145;46;87;136;3
00755.png;98;13;125;157;3
00756.png;2;12;220;163;3
00757.png;103;68;143;125;3
00758.png;78;79;136;115;3
00759.png;67;61;124;125;3
00760.png;157;102;64;100;3
00761.png;52;47;191;133;3
00762.png;147;40;64;126;3
00763.png;9;47;164;136;3
00764.png;17;46;153;122;3
00765.png;95;52;128;131;3
00766.png;6;32;177;146;3
00767.png;148;63;69;114;3
00768.png;19;70;160;122;3
00769.png;81;57;113;132;3
00770.png;14;38;160;136;3
00771.png;22;50;197;141;3
00772.png;78;11;173;212;3
00773.png;49;27;195;155;3
00774.png;111;41;103;132;3
00775.png;40;84;141;108;3
00776.png;17;8;223;199;3
00777.png;57;44;129;129;3
00778.png;67;126;122;79;3
00779.png;12;16;174;164;3
00780.png;8;37;166;141;3
00781.png;101;68;129;120;3
00782.png;77;2;149;171;3
00783.png;60;79;131;114;3
00784.png;90;127;123;87;3
00785.png;106;71;90;112;3
00786.png;21;21;154;152;3
00787.png;74;69;118;111;3
00788.png;81;52;119;135;3
00789.png;74;82;121;117;3
00790.png;138;85;75;117;3
00791.png;63;63;176;125;3
00792.png;71;38;122;145;3
00793.png;113;123;94;86;3
00794.png;73;16;139;155;3
00795.png;73;81;121;108;3
00795.png;12;73;88;69;3
00796.png;78;99;128;89;3
00796.png;168;112;87;132;3
00797.png;99;70;107;115;3
00798.png;90;24;141;181;3
00799.png;7;18;170;160;3
00800.png;17;50;159;143;3
00801.png;45;80;136;118;3
00802.png;2;12;170;216;3
00803.png;142;110;68;87;3
00804.png;49;26;149;152;3
00805.png;25;13;182;171;3
00806.png;56;36;129;145;3
00807.png;93;17;133;158;3
00808.png;47;74;130;118;3
00809.png;80;8;176;163;3
00810.png;35;76;150;110;3
00811.png;120;44;91;136;3
00812.png;170;140;54;75;3
00813.png;68;71;115;120;3
00814.png;133;105;92;94;3
00815.png;60;5;132;170;3
00816.png;120;76;100;115;3
00817.png;122;33;87;143;3
00818.png;37;14;144;166;3
00819.png;115;79;83;101;3
00820.png;44;32;140;144;3
00821.png;14;38;177;145;3
00822.png;10;74;169;110;3
00823.png;34;24;148;144;3
00824.png;62;72;120;110;3
00825.png;98;94;100;97;3
00826.png;73;52;121;129;3
00827.png;48;40;141;160;3
00828.png;56;17;134;159;3
00829.png;66;95;144;103;3
00830.png;109;30;115;149;3
00831.png;54;28;149;163;3
00832.png;100;49;129;206;3
00833.png;46;79;143;117;3
00834.png;9;50;195;132;3
00835.png;65;102;126;97;3
00836.png;62;119;125;89;3
00837.png;105;72;94;110;3
00838.png;142;39;71;140;3
00839.png;75;80;137;113;3
00840.png;38;57;152;122;3
00841.png;124;101;88;98;3
00842.png;46;57;171;131;3
00843.png;74;66;125;126;3
00844.png;149;60;68;121;3
00845.png;130;36;78;136;3
00846.png;74;77;113;102;3
00847.png;59;122;130;90;3
00848.png;46;65;145;122;3
00849.png;212;194;29;31;3
00850.png;214;189;27;66;3
00851.png;205;165;34;57;3
00852.png;155;120;66;86;3
00853.png;97;84;108;109;3
00854.png;42;42;132;143;3
00855.png;3;46;153;135;3
00856.png;3;44;162;143;3
00857.png;3;47;163;139;3
00858.png;90;73;113;120;3
00859.png;94;63;109;125;3
00860.png;95;67;106;123;3
00861.png;95;68;108;122;3
00862.png;94;66;102;122;3
00863.png;98;71;100;124;3
00864.png;106;70;95;123;3
00865.png;173;145;50;72;3
00866.png;157;133;64;80;3
00867.png;165;129;53;78;3
00868.png;160;123;62;85;3
00869.png;156;119;60;89;3
00870.png;88;139;111;71;3
00871.png;89;93;111;108;3
00872.png;80;125;114;83;3
00873.png;82;123;102;87;3
00874.png;79;141;108;114;3
00875.png;83;119;114;126;3
00876.png;77;111;117;136;3
00877.png;95;84;106;114;3
00878.png;101;70;103;122;3
00879.png;100;51;100;131;3
00880.png;113;115;93;93;3
00881.png;123;154;84;69;3
00882.png;103;145;96;74;3
00883.png;95;121;103;87;3
00884.png;110;110;98;95;3
00885.png;173;151;54;69;3
00886.png;196;205;35;32;3
00887.png;163;133;57;74;3
00888.png;25;118;134;79;3
00889.png;43;203;134;52;3
00890.png;57;221;114;34;3
00891.png;163;172;58;83;3
00892.png;119;115;93;91;3
00893.png;37;127;148;85;3
00894.png;154;29;69;151;3
00895.png;138;32;78;150;3
00896.png;73;96;118;102;3
00897.png;101;135;102;75;3
00898.png;68;187;120;39;3
00899.png;61;35;128;142;3
00900.png;184;173;45;54;3
00901.png;203;193;34;36;3
00902.png;-1;-1;-1;-1;-1
00903.png;196;179;34;44;3
00904.png;135;91;76;106;3
00905.png;158;127;62;79;3
00906.png;215;224;24;20;3
00907.png;221;201;23;32;3
00908.png;198;208;37;30;3
00909.png;191;201;41;34;3
00910.png;190;190;43;37;3
00911.png;175;175;51;48;3
00912.png;200;190;35;38;3
00913.png;194;170;37;51;3
00914.png;185;163;44;57;3
00915.png;187;155;41;58;3
00916.png;152;115;66;86;3
00917.png;115;54;97;129;3
00918.png;89;3;127;170;3
00919.png;89;5;130;163;3
00920.png;165;3;89;164;3
00921.png;105;43;146;143;3
00922.png;203;179;31;48;3
00923.png;182;167;48;58;3
00924.png;182;148;44;63;3
00925.png;5;173;163;82;2
00926.png;183;142;47;68;3
00927.png;1;91;155;87;2
00927.png;91;3;34;26;3
00928.png;177;147;48;63;3
00929.png;86;21;34;24;3
00929.png;3;106;156;75;2
00930.png;170;180;50;45;3
00931.png;83;25;35;27;3
00931.png;1;105;158;76;2
00932.png;170;178;52;45;3
00933.png;83;56;34;24;3
00933.png;1;102;154;75;2
00934.png;176;179;53;44;3
00935.png;85;82;34;27;3
00935.png;2;73;150;98;2
00936.png;31;165;223;90;2
00936.png;176;181;53;42;3
00937.png;177;176;51;48;3
00937.png;19;46;219;141;2
00938.png;92;147;31;31;3
00938.png;0;46;131;107;2
00939.png;192;184;38;41;3
00940.png;189;180;41;48;3
00941.png;201;152;37;64;3
00942.png;218;164;23;49;3
00943.png;122;184;87;45;3
00944.png;137;163;73;55;3
00945.png;109;161;101;55;3
00946.png;144;154;72;61;3
00947.png;81;139;111;69;3
00948.png;8;127;165;83;3
00949.png;141;145;72;62;3
00950.png;193;197;34;33;3
00951.png;198;205;33;27;3
00952.png;186;197;34;29;3
00953.png;208;210;29;26;3
00954.png;190;181;42;48;3
00955.png;184;176;43;45;3
00956.png;170;194;54;43;3
00957.png;200;188;37;42;3
00958.png;1;29;178;165;3
00959.png;1;44;156;135;3
00960.png;82;102;110;100;3
00961.png;155;153;65;63;3
00962.png;168;170;48;50;3
00963.png;159;145;60;71;3
00964.png;165;161;52;58;3
00965.png;201;212;33;26;3
00966.png;197;204;33;30;3
00967.png;196;205;37;24;3
00968.png;179;196;47;36;3
00969.png;131;180;76;47;3
00970.png;21;99;233;156;3
00971.png;12;59;243;197;3
00972.png;41;55;214;200;3
00973.png;25;14;230;234;3
00974.png;39;2;216;173;3
00975.png;55;31;187;150;3
00976.png;145;154;62;65;3
00977.png;188;187;40;41;3
00978.png;196;207;33;30;3
00979.png;2;2;253;253;3
00980.png;2;13;231;242;3
00981.png;3;43;200;197;3
00982.png;29;53;181;170;3
00983.png;184;168;45;54;3
00984.png;162;173;58;50;3
00985.png;162;149;55;62;3
00986.png;191;150;38;66;3
00987.png;189;110;38;84;3
00988.png;212;178;29;43;3
00989.png;180;182;44;48;3
00990.png;151;173;54;51;3
00991.png;154;147;70;63;3
00992.png;152;26;71;125;3
00993.png;160;151;61;62;3
00994.png;183;140;47;76;3
00995.png;82;144;113;77;3
00996.png;149;123;73;82;3
00997.png;129;136;79;74;3
00998.png;165;179;51;47;3
00999.png;156;179;71;51;3
01000.png;142;176;67;52;3
01001.png;142;153;66;61;3
01002.png;156;155;54;65;3
01003.png;150;166;66;55;3
01004.png;166;156;58;59;3
01005.png;108;155;83;59;3
01006.png;176;145;48;62;3
01007.png;-1;-1;-1;-1;-1
01008.png;219;208;21;22;3
01009.png;186;179;44;47;3
01010.png;195;176;41;47;3
01011.png;135;130;78;80;3
01012.png;156;156;63;61;3
01013.png;148;163;68;63;3
01014.png;144;158;71;61;3
01015.png;145;165;71;56;3
01016.png;151;165;70;59;3
01017.png;203;203;30;34;3
01018.png;145;31;69;139;3
01019.png;196;28;41;139;3
01020.png;180;158;52;61;3
01021.png;182;151;49;66;3
01022.png;180;176;50;54;3
01023.png;186;169;44;55;3
01024.png;190;144;54;72;3
01025.png;161;93;68;107;3
01026.png;135;22;78;150;3
01027.png;36;77;150;118;3
01028.png;190;191;38;37;3
01029.png;144;154;73;62;3
01030.png;127;38;83;140;3
01031.png;148;127;85;81;3
01032.png;88;69;98;122;3
01033.png;49;110;143;97;3
01034.png;59;73;141;117;3
01035.png;153;165;64;56;3
01036.png;192;61;39;114;3
01037.png;110;106;92;96;3
01038.png;3;31;153;142;3
01039.png;85;151;107;62;3
01040.png;191;161;37;56;3
01041.png;217;157;24;61;3
01042.png;142;160;75;56;3
01043.png;137;133;76;77;3
01044.png;131;143;76;75;3
01045.png;135;153;79;67;3
01046.png;138;137;76;75;3
01047.png;142;141;78;76;3
01048.png;142;99;77;101;3
01049.png;156;82;64;114;3
01050.png;178;95;49;103;3
01051.png;164;165;54;61;3
01052.png;174;154;52;62;3
01053.png;166;162;54;58;3
01054.png;119;112;120;106;3
01055.png;161;211;56;24;3
01056.png;133;190;79;38;3
01057.png;179;200;47;33;3
01058.png;173;131;48;83;3
01059.png;163;100;58;100;3
01060.png;136;172;74;50;3
01061.png;142;40;77;133;3
01062.png;140;112;72;88;3
01063.png;194;166;37;60;3
01064.png;194;170;37;50;3
01065.png;70;59;127;137;3
01066.png;58;49;134;160;3
01067.png;21;122;157;85;3
01068.png;143;119;75;90;3
01069.png;116;119;96;86;3
01070.png;77;106;110;96;3
01071.png;95;185;100;48;3
01072.png;93;92;104;104;3
01073.png;97;155;104;62;3
01074.png;167;164;46;47;3
01075.png;141;111;62;86;3
01076.png;165;154;50;59;3
